%YAML:1.0
my_svm: !!opencv-ml-svm
   svm_type: C_SVC
   kernel: { type:LINEAR }
   C: 1.0000000000000000e-02
   term_criteria: { epsilon:2.2204460492503131e-16, iterations:2000 }
   var_all: 4356
   var_count: 4356
   class_count: 2
   class_labels: !!opencv-matrix
      rows: 1
      cols: 2
      dt: i
      data: [ -1, 1 ]
   sv_total: 1
   support_vectors:
      - [ -9.45512280e-02, 9.41810943e-03, 2.09758990e-02,
          -2.52015260e-03, 2.84679364e-02, 8.12817086e-03,
          1.99636519e-02, 1.32226963e-02, -3.06716319e-02,
          -7.96333626e-02, 3.74273048e-03, 2.39127129e-02,
          1.24224955e-02, 1.82624739e-02, 5.46871871e-03, 2.22806092e-02,
          1.72918607e-02, -9.07407142e-03, -2.82766558e-02,
          -4.72438708e-03, 9.26311302e-04, 5.28762210e-03,
          3.14571266e-03, 4.45502847e-02, 3.03029511e-02, 2.20860895e-02,
          6.83842739e-03, -2.05115117e-02, -8.20206478e-03,
          1.59249194e-02, 1.72093492e-02, 1.51336230e-02, 3.78645509e-02,
          3.33874449e-02, 2.68307198e-02, -3.13632353e-03,
          -1.01008296e-01, 2.54680812e-02, 1.58558525e-02,
          1.21830609e-02, 2.64436025e-02, 2.00966969e-02, 1.83168482e-02,
          -4.43008542e-03, -3.13770995e-02, -6.34383261e-02,
          3.46452408e-02, -8.31980724e-03, -7.55265588e-03,
          1.45426597e-02, 2.03961432e-02, 1.84052214e-02,
          -1.07260821e-02, -4.44698408e-02, -1.75948124e-02,
          -2.51869652e-02, 1.22414501e-02, 2.06246153e-02,
          -1.22114585e-03, 3.08936331e-02, 2.43016854e-02,
          9.41960514e-03, 3.27914907e-03, -7.74614571e-04,
          -1.43623780e-02, -1.19807869e-02, -1.36190723e-03,
          2.76485793e-02, 2.09312662e-02, 2.25484315e-02,
          -1.41739352e-02, -9.56176408e-03, -3.57839540e-02,
          3.18315551e-02, -5.96688082e-03, -2.25390717e-02,
          -1.83682982e-02, 4.50713001e-03, 1.31657077e-02,
          -9.89385974e-03, -4.12736833e-02, -2.93928199e-02,
          1.82428975e-02, 5.95884165e-03, -1.07975611e-02,
          1.13519020e-02, 2.32754499e-02, 1.58158224e-02,
          -1.45739652e-02, -4.08734828e-02, 1.03950640e-03,
          2.98502650e-02, -9.11231153e-03, -7.29058497e-03,
          -7.66521785e-03, -1.75305572e-03, 1.65556129e-02,
          -1.02831665e-02, 1.21918209e-02, -1.42499292e-02,
          2.92910654e-02, 1.33966748e-03, -6.64068991e-03,
          1.20554231e-02, -3.12746665e-03, 1.78470202e-02,
          -1.27014834e-02, -2.15724856e-02, -4.22715060e-02,
          -1.32958516e-02, 7.44122360e-03, -7.96874426e-03,
          8.93825293e-03, 1.18971197e-02, 2.13374030e-02,
          -6.44547073e-03, -7.03804987e-03, -3.01601049e-02,
          -1.72543693e-02, -3.29226581e-03, -2.12200098e-02,
          2.01469902e-02, 5.23683382e-03, 2.79048551e-02,
          -6.09049108e-04, -6.03353046e-03, -1.49519332e-02,
          -1.59991197e-02, -2.67344317e-03, -2.58991355e-03,
          5.38122980e-03, 1.17470911e-02, 1.77053288e-02, 2.07633377e-04,
          8.42816196e-03, -4.39102435e-03, -1.01383049e-02,
          1.00408019e-02, -2.97905505e-03, 1.74700038e-03,
          -1.57862417e-02, 4.37867781e-03, 8.54007521e-05,
          1.83397066e-02, -2.42878199e-02, -3.88389360e-03,
          2.47437088e-03, -8.37003067e-03, -1.94252585e-03,
          -2.84697488e-03, 1.79995634e-02, -4.19219676e-03,
          -1.02195414e-02, -3.05508338e-02, -1.98838282e-02,
          1.60063002e-02, 6.02781889e-04, 2.37230817e-03,
          -1.42699806e-02, 1.65416896e-02, 9.31766350e-03,
          -8.84729158e-03, -1.21204127e-02, -3.01808876e-04,
          2.62068072e-03, 5.76166436e-03, -2.44387984e-03,
          -4.64894297e-03, -7.97178596e-03, -2.14150012e-03,
          9.63108090e-04, -2.07958482e-02, -5.50816534e-03,
          1.43298239e-03, -4.85162437e-03, -3.43456492e-02,
          -1.57694742e-02, 1.50695629e-02, 5.63585013e-03,
          -1.15185576e-02, -2.79671997e-02, -2.01275051e-02,
          6.32943120e-04, 1.27275148e-02, -2.79807560e-02,
          -4.44736145e-03, 1.33712897e-02, 3.19605917e-02,
          2.02825316e-03, 1.47893494e-02, -8.31596181e-03,
          -2.26205513e-02, -6.01162296e-03, -2.20500324e-02,
          -1.95562821e-02, 2.39055580e-03, 4.87609655e-02,
          1.86833218e-02, -1.32465428e-02, -1.36071844e-02,
          1.20292837e-03, 7.59718753e-03, -1.44871688e-02,
          -1.32464077e-02, -1.68446323e-03, 2.29700729e-02,
          5.35391271e-04, 1.42486244e-02, -3.02730710e-03,
          -9.52114165e-03, -1.03385281e-02, -3.16819474e-02,
          -3.13344561e-02, -1.55264395e-03, 4.86757271e-02,
          2.30081044e-02, -4.76082638e-02, 2.17472911e-02,
          1.82237085e-02, -1.65407639e-02, -1.16163483e-02,
          -1.06685264e-02, 6.04257127e-03, 2.34710518e-02,
          1.02243749e-02, -1.68103985e-02, 4.79698367e-02,
          2.76605859e-02, -2.27244031e-02, -5.13087213e-03,
          -3.03036789e-03, 1.31618800e-02, 5.43451821e-03,
          -4.06187167e-03, -4.43551596e-03, 4.73130681e-02,
          8.24790914e-03, -1.78655386e-02, -2.12349892e-02,
          -7.78091140e-03, 4.36336081e-03, 3.31940390e-02,
          -8.94309301e-03, -1.57956798e-02, 6.04109615e-02,
          -5.79748675e-03, -1.93159971e-02, -2.42070239e-02,
          -1.27736442e-02, -3.08026397e-03, -1.14419004e-02,
          -4.03069966e-02, -2.50395909e-02, 1.85680818e-02,
          1.69240739e-02, 2.00628787e-02, 1.23760453e-03,
          -1.10319387e-02, 6.29228354e-03, 6.34256285e-03,
          2.80158743e-02, -3.73855382e-02, 8.84022273e-04,
          1.25587760e-02, 2.63959263e-02, 2.26960960e-03,
          -9.01373744e-04, 8.10880400e-03, 2.36475505e-02,
          3.43217067e-02, -2.95453612e-02, 6.79543009e-03,
          7.53326807e-03, 1.48981670e-02, -1.61286164e-02,
          -2.01326031e-02, 1.24511635e-02, 1.76990330e-02,
          7.03487219e-03, -5.19284233e-02, -1.58679429e-02,
          2.13244148e-02, 2.86034327e-02, 1.18017406e-03,
          -1.07819317e-02, 4.46905084e-02, 4.82273065e-02,
          -9.78048332e-03, -3.53666805e-02, 1.48029076e-02,
          3.37827243e-02, 3.34195979e-02, 6.24712259e-02, 8.74613598e-03,
          5.23695443e-03, -6.01814419e-04, -4.37643903e-04,
          -4.12716717e-02, 1.57593768e-02, 2.62431726e-02,
          2.10131966e-02, 5.45137227e-02, 6.89920271e-03, 9.30333743e-04,
          -6.79177092e-03, -2.26247758e-02, -4.68911231e-02,
          3.71416956e-02, 5.06128594e-02, 3.14557813e-02, 3.76248248e-02,
          1.88839678e-02, 8.80282652e-03, -2.56487131e-02,
          -4.02919315e-02, -3.29638012e-02, 3.15386131e-02,
          4.96556945e-02, 1.29222265e-02, 2.58825514e-02, 1.70798637e-02,
          4.03001532e-03, -3.37336250e-02, -4.76141199e-02,
          -1.27432812e-02, 4.16915417e-02, 2.37022452e-02,
          1.06933629e-02, 2.89425030e-02, 1.82203855e-02,
          -2.61999923e-03, -1.09803881e-02, -2.54616532e-02,
          -1.81128960e-02, 3.60050350e-02, 1.05068162e-02,
          9.46868584e-03, 2.69065928e-02, 1.94905978e-02, 3.58637865e-03,
          -2.01201383e-02, -3.91856544e-02, -2.48410236e-02,
          2.00329833e-02, 2.25132294e-02, 1.60563551e-02, 2.33104732e-02,
          3.69262360e-02, 1.21336319e-02, -8.68402980e-03,
          -4.12692055e-02, -1.75204631e-02, 1.47328079e-02,
          4.40684566e-03, 1.49195110e-02, 4.35626581e-02, 3.05255353e-02,
          2.37295628e-02, 6.72960377e-05, -3.21413837e-02,
          -3.54831964e-02, -8.27784464e-03, -1.31398933e-02,
          1.04095470e-02, 9.86145902e-03, 1.10665774e-02, 3.55886621e-03,
          -6.95024617e-03, -1.81895122e-02, -2.94132363e-02,
          -1.69892311e-02, 1.57501956e-03, 1.41478702e-02,
          2.33273637e-02, 1.32182604e-02, 5.08531835e-03,
          -4.81284363e-03, -1.16778733e-02, -5.69279864e-02,
          7.25102657e-03, 9.87490267e-03, 2.48297192e-02, 2.74082907e-02,
          2.21181847e-02, 6.59763301e-03, 2.34535448e-02,
          -5.07179648e-02, -3.22599635e-02, 2.36683227e-02,
          1.56145822e-02, 3.95587124e-02, 2.51784530e-02, 2.74563394e-02,
          -3.63766239e-03, 1.99065567e-03, -2.37842277e-02,
          -4.94890772e-02, -1.45569863e-02, -6.14990620e-03,
          4.77021653e-03, 6.10925257e-03, 3.77888680e-02, 2.99670622e-02,
          1.18353833e-02, -1.73025746e-02, -4.49757949e-02,
          -4.70488938e-03, 1.68433972e-02, 3.02597154e-02,
          2.24330146e-02, 3.44629064e-02, 2.55423523e-02, 5.72122680e-03,
          -1.85241736e-02, -2.86895670e-02, -5.02233021e-02,
          -2.51941718e-02, 6.54447963e-03, 2.47020903e-03,
          3.28592993e-02, 2.36222874e-02, 1.71047524e-02, 1.80084333e-02,
          -1.59173962e-02, -1.34823434e-02, -9.08768550e-03,
          3.18303518e-02, 2.10458208e-02, 3.48841101e-02, 1.08947000e-02,
          4.02438221e-03, 8.21275730e-03, -4.27987650e-02,
          -1.49202105e-02, 1.37837790e-02, 1.98089480e-02,
          -3.47017427e-03, 1.80438627e-02, 1.03244139e-02,
          -8.68061092e-03, -8.05311091e-03, -2.00878419e-02,
          5.49612753e-03, -7.28975469e-03, 7.73327472e-03,
          3.05812880e-02, 1.68919191e-02, 8.26988462e-03,
          -2.44114678e-02, -3.73235196e-02, -1.96274631e-02,
          -1.91053282e-03, -1.57754740e-03, 2.33082697e-02,
          6.48494903e-03, 2.24089753e-02, 3.59093607e-03,
          -1.12998579e-02, -1.80196073e-02, -2.45276634e-02,
          8.05985369e-03, -1.87419411e-02, 1.19092576e-02,
          2.79357210e-02, 2.16068085e-02, -9.18956008e-03,
          -3.82266715e-02, -4.91969474e-02, -6.07737293e-03,
          1.17113180e-02, -2.11008568e-03, -3.26833152e-03,
          1.97356381e-03, -1.44549105e-02, 5.42598218e-03,
          -2.61683073e-02, -3.07545960e-02, -1.77393146e-02,
          2.03304943e-02, 8.21655057e-03, -1.38274906e-03,
          9.83905140e-03, -9.28995293e-03, 1.30922012e-02,
          -2.53561232e-02, -4.27352786e-02, 6.25484111e-03,
          3.04221157e-02, -7.05597363e-03, -1.20226592e-02,
          -5.61569104e-05, -1.07135009e-02, -9.84384585e-03,
          -3.73160541e-02, -2.25924458e-02, 3.24504240e-03,
          4.06503342e-02, 4.27854899e-03, -6.75840443e-03,
          1.07164476e-02, 3.05640534e-03, 1.01042874e-02,
          -2.50123031e-02, -2.08229665e-02, -2.97510624e-02,
          -2.74503278e-03, -1.65683066e-03, 4.09732247e-03,
          1.67752318e-02, 2.09548175e-02, 1.85836200e-02,
          -1.01519823e-02, -1.44709079e-02, -2.12586038e-02,
          -2.55966606e-03, 8.60264618e-03, 6.51550852e-03,
          7.93369114e-03, -7.17424322e-03, -2.91519472e-03,
          -1.10070854e-02, 2.08170339e-03, -4.85641602e-03,
          1.88716929e-02, -3.52171762e-03, -1.43158319e-03,
          1.95107609e-02, 3.83861512e-02, -4.36029444e-03,
          -2.32492760e-02, -2.37643495e-02, 2.08159778e-04,
          6.51409850e-04, 7.20287813e-03, -5.13374619e-03,
          1.36771323e-02, 1.54983168e-02, -1.48503180e-03,
          -3.42127420e-02, -1.24338651e-02, -1.43808136e-02,
          6.11287775e-03, 1.32612477e-03, 1.01227239e-02, 6.61873550e-04,
          3.76723893e-03, -6.11849222e-03, -1.12202317e-02,
          -8.16402305e-03, -3.22309621e-02, 7.32233468e-03,
          -1.19554810e-02, -3.37198237e-03, -1.46882832e-02,
          5.28056407e-03, 9.81268939e-03, 5.93226450e-03,
          -1.26978867e-02, -2.85602231e-02, 5.38784638e-03,
          4.73106373e-03, 1.42814051e-02, -3.50191840e-03,
          1.46422582e-02, 1.76536608e-02, 5.71891386e-03,
          -1.22552933e-02, -3.10723521e-02, -8.22117645e-03,
          -1.05497241e-02, 1.73308179e-02, -2.95474147e-03,
          1.75604634e-02, 2.52360590e-02, 2.47593094e-02,
          -2.84767430e-02, -3.45028453e-02, -1.11728422e-02,
          -1.33247804e-02, 5.61081432e-03, -8.31488799e-03,
          -6.23745099e-03, -6.57235552e-03, 7.91916437e-03,
          5.62056946e-03, -1.09167006e-02, 5.92184532e-03,
          -1.69673301e-02, -9.10105277e-03, -2.82173865e-02,
          -2.16809772e-02, -6.84245257e-03, 2.19903570e-02,
          2.95847859e-02, -6.18593628e-03, 3.81714925e-02,
          4.67084115e-03, 1.55159580e-02, -1.23350406e-02,
          -2.11310983e-02, -1.25951245e-02, 2.15661880e-02,
          -7.06347730e-03, 4.32824669e-03, 3.03073656e-02,
          -1.68473762e-03, -1.34054469e-02, -3.84540260e-02,
          -2.43067238e-02, -1.51561666e-02, 2.68813577e-02,
          7.32857781e-03, -2.58576986e-03, 3.73538248e-02,
          1.23946113e-03, -8.06252472e-03, -2.42464226e-02,
          -2.26876256e-03, 1.28627066e-02, 3.11480816e-02,
          -1.44868046e-02, -6.62810123e-03, 6.20053411e-02,
          -1.57779958e-02, -1.28508573e-02, -9.24487412e-03,
          -1.04660168e-02, 2.31595407e-03, -1.95643306e-03,
          -3.64743583e-02, 7.47578451e-03, 4.87238318e-02,
          -7.67704239e-03, -3.34483758e-02, -2.58906037e-02,
          7.87329581e-03, 3.25957537e-02, 3.85616757e-02,
          -3.15039419e-04, 1.52411507e-02, 5.87410145e-02,
          -1.38487471e-02, -4.76673283e-02, -1.79874562e-02,
          -5.04322024e-03, 1.04940841e-02, 1.81233585e-02,
          -1.01825474e-02, -1.09113883e-02, 2.16238387e-02,
          1.31840566e-02, 1.46689313e-02, -5.81506034e-03,
          -1.68357715e-02, 1.36889480e-02, 2.98701357e-02,
          1.71788335e-02, -4.74667810e-02, 2.44537415e-03,
          2.68450342e-02, 2.40131002e-02, 8.58672196e-04,
          -3.49256140e-03, 4.55930643e-02, 6.10002317e-02,
          -6.37996523e-03, -1.08266501e-02, 9.81675088e-03,
          -9.73364059e-03, 2.87688826e-03, -5.21931332e-04,
          -2.16986630e-02, -6.90971781e-03, 4.18734774e-02,
          1.65166706e-02, -3.65426168e-02, -1.63760071e-03,
          -4.28204983e-03, 1.69477891e-02, 1.08988043e-02,
          -5.42809488e-04, 1.78029649e-02, 4.85858470e-02,
          -4.97959182e-03, -3.28944325e-02, 3.48348953e-02,
          4.73745503e-02, 2.40492299e-02, 1.83820575e-02, 1.56085016e-02,
          1.65060293e-02, -4.03684843e-03, -3.52855213e-02,
          -9.14802589e-03, 3.73752527e-02, 4.30705398e-02,
          1.21099986e-02, 1.46612963e-02, 1.64147783e-02, 1.16978055e-02,
          -2.77750809e-02, -4.83494774e-02, -1.77202355e-02,
          2.97656171e-02, 2.65625771e-02, 2.10655797e-02, 6.00527180e-03,
          1.00281145e-02, 2.37695016e-02, 1.21778939e-02,
          -2.63444278e-02, -9.73722804e-03, 3.54787558e-02,
          3.24639864e-02, 2.20401045e-02, -2.73378612e-03,
          1.12967584e-02, 1.42159024e-02, -1.74728930e-02,
          -1.82274487e-02, -4.15242128e-02, 1.65931806e-02,
          2.57273801e-02, 1.36024226e-02, 5.56419045e-03, 2.76384689e-02,
          1.88045520e-02, 6.13712997e-04, -3.05066686e-02,
          -3.11789103e-02, 1.27595654e-02, 2.08305456e-02,
          1.19873248e-02, 2.45829653e-02, 2.78572608e-02, 2.21886821e-02,
          1.21491300e-02, -1.52158169e-02, -1.36407595e-02,
          4.12821099e-02, 3.86099070e-02, 7.37528130e-03,
          -1.03577571e-02, 1.19578037e-02, 6.47191517e-03,
          -7.03782262e-03, -2.30479911e-02, -5.96340047e-04,
          2.80951522e-02, 3.93835865e-02, 1.35734426e-02,
          -3.12121760e-04, 5.32422075e-03, 2.84509710e-03,
          -1.27989305e-02, -1.53446216e-02, -5.22518866e-02,
          9.95107368e-03, 1.30658746e-02, 2.84661409e-02, 1.41135342e-02,
          1.55874444e-02, 1.38992267e-02, 1.61775053e-02,
          -4.11392860e-02, -2.19046287e-02, 1.54759977e-02,
          1.25077041e-02, 3.09125297e-02, 1.78961502e-03, 1.49485804e-02,
          2.48942734e-03, 4.43374476e-04, -2.09874213e-02,
          -8.62130802e-03, -6.74209837e-03, 4.53150412e-03,
          1.19103706e-02, -1.34044979e-02, 8.67259596e-03,
          7.79843889e-03, 8.67324788e-03, 1.50709981e-02, 1.59169491e-02,
          -3.60409904e-04, 4.65701008e-03, 7.09336251e-03,
          -2.47269683e-02, -4.32600500e-04, 4.54463111e-03,
          -1.27259446e-02, 1.33684352e-02, -2.60604173e-02,
          -6.12211116e-02, -3.51104513e-02, -9.02316719e-03,
          1.65435614e-03, 3.17524746e-02, 1.39824506e-02, 7.36634200e-03,
          1.07954917e-02, -2.61041727e-02, -3.22668739e-02,
          -3.10996734e-02, 2.42434032e-02, 1.70110557e-02,
          3.54756974e-02, 6.05079753e-04, -9.98243131e-03,
          1.43835014e-02, 1.39006432e-02, -5.28428368e-02,
          -4.74356301e-02, -3.39104049e-02, -1.96946487e-02,
          2.81049367e-02, 3.68425995e-02, 2.77772509e-02, 4.15446162e-02,
          -6.62768353e-03, -4.51000817e-02, -5.27134426e-02,
          -2.01210547e-02, -5.96104539e-04, 4.48692068e-02,
          2.10888349e-02, 1.75524969e-02, 3.72322798e-02,
          -2.48336680e-02, -1.20701687e-02, -1.32578844e-02,
          5.23696886e-03, -6.56150864e-04, 1.48960361e-02,
          -3.05927591e-03, -1.56466030e-02, -2.11580805e-02,
          -2.35698540e-02, 3.72815086e-03, -2.29620300e-02,
          3.12298024e-03, 2.39269454e-02, 2.95269191e-02,
          -3.08405003e-03, -2.39610337e-02, -5.12150154e-02,
          -5.37059316e-03, 1.29408936e-03, 1.15604058e-03,
          -1.28656467e-02, -1.90024450e-02, 5.40059758e-03,
          2.11067796e-02, 5.12908911e-03, 5.90574322e-03,
          -8.84931162e-03, -2.23879125e-02, -5.51396143e-03,
          -2.33785361e-02, -2.46696174e-03, 1.69135146e-02,
          2.76779961e-02, -1.63798742e-02, -3.22031341e-02,
          1.60974488e-02, 2.00085845e-02, -1.87434945e-02,
          -1.85277611e-02, 8.39665718e-03, 6.91059697e-03,
          -9.49672796e-03, -4.42877561e-02, -2.29178872e-02,
          1.67986751e-02, 1.55336894e-02, -9.81034804e-03,
          -9.52810235e-03, 2.29134392e-02, 1.77415591e-02,
          -8.00969824e-03, -3.73733453e-02, -7.89686572e-03,
          5.05828857e-02, 7.45460298e-03, -4.07107212e-02,
          -3.80649753e-02, 3.05510638e-03, 2.49914620e-02,
          -1.32742058e-02, -6.11042194e-02, -1.77510250e-02,
          5.51869050e-02, 1.30330957e-02, -8.40932038e-03,
          -1.47244465e-02, 3.30895968e-02, 2.97700390e-02,
          -4.03319784e-02, -4.18889038e-02, 2.17463300e-02,
          -8.78094754e-04, 2.33785287e-02, 8.94055795e-03,
          4.88797203e-03, 2.69094389e-02, 3.41220535e-02,
          -1.30088646e-02, -3.41458023e-02, -6.52415585e-03,
          -9.14610922e-03, 3.42154806e-03, 2.44766357e-03,
          -9.76446178e-03, 3.97751061e-03, 1.62104014e-02,
          2.02098832e-04, -4.35585640e-02, -2.35302650e-04,
          1.78639181e-02, 1.80882271e-02, 2.54088809e-04, 2.08607987e-02,
          2.67308298e-02, 1.13843866e-02, -3.96786779e-02,
          -3.20314094e-02, -4.57881688e-04, -6.07732567e-04,
          -2.56664283e-03, -2.72697527e-02, -7.55762774e-03,
          5.15973754e-03, 1.54643543e-02, -7.29535427e-03,
          -2.91262530e-02, -3.58411786e-03, -3.93859260e-02,
          2.13274406e-03, 4.01038909e-03, 8.88474751e-03,
          -1.72428007e-03, 2.31759120e-02, 2.37057526e-02,
          1.28414750e-03, -1.69635415e-02, -4.12273407e-02,
          -4.00137203e-03, -8.49466212e-03, 2.39137486e-02,
          1.93261972e-03, 1.68170873e-02, 2.73843091e-02, 2.45331656e-02,
          -3.71517874e-02, -2.55103633e-02, 3.69039038e-03,
          -3.69720757e-02, 3.35097197e-03, 2.17556059e-02,
          2.44497117e-02, 1.85569096e-02, -1.40937530e-02,
          -1.38446251e-02, -4.72410694e-02, -1.06964149e-02,
          -1.85437165e-02, 2.93794032e-02, 2.40487680e-02,
          3.22363190e-02, 1.82989072e-02, -1.07917227e-02,
          -3.53845283e-02, -3.70459147e-02, 1.57227311e-02,
          6.74980879e-03, 2.36517899e-02, -2.54555605e-03,
          -3.04253655e-03, 6.58651534e-03, 2.66962182e-02,
          -1.71875656e-02, -1.13099087e-02, 2.33805440e-02,
          -1.18172634e-03, 9.82218538e-04, -2.94712894e-02,
          -9.94271226e-03, 3.89612350e-03, 3.00925002e-02,
          -9.80908610e-03, -6.20166883e-02, 9.51664057e-03,
          1.89626981e-02, 4.89492640e-02, 3.44625562e-02, 3.00403684e-02,
          2.00916994e-02, 1.27930520e-02, -7.73650929e-02,
          -3.85851860e-02, 2.61631981e-02, -3.43958568e-03,
          2.84664258e-02, 2.44642352e-03, 1.56764556e-02, 2.47894675e-02,
          3.07940301e-02, -6.93437457e-02, -8.16281978e-03,
          5.07023223e-02, 9.80074797e-03, -2.13160366e-02,
          -9.77752730e-03, 1.20839924e-02, 4.01066914e-02,
          3.39028165e-02, 6.10063551e-03, 2.18864102e-02, 4.46615219e-02,
          -5.20782638e-03, -3.30878720e-02, -1.35427164e-02,
          2.48140423e-03, 1.87511742e-02, 1.27410684e-02, 1.82769150e-02,
          -1.44892391e-02, 1.44934421e-02, 8.26212869e-04,
          -1.83421690e-02, 2.41742767e-02, 4.08600271e-02,
          4.42077480e-02, -4.08583233e-04, -3.08318138e-02,
          -3.07158194e-03, -1.56798195e-02, -2.35297233e-02,
          -2.24262644e-02, 4.12356155e-03, 2.00023111e-02,
          2.68987697e-02, 1.28561733e-02, 1.91200897e-02, 3.11485352e-03,
          1.20321792e-02, 1.08868501e-03, 1.62489340e-02, 9.09399707e-03,
          -1.46857314e-02, -2.45743315e-03, 2.72076093e-02,
          1.29183298e-02, -3.26366313e-02, -2.52775033e-03,
          4.05187067e-03, 3.02638542e-02, 2.44507398e-02, 1.59703288e-02,
          1.71230659e-02, 3.52309979e-02, -8.62327032e-03,
          -1.17436759e-02, -3.18105705e-02, 4.04071622e-03,
          2.95293294e-02, 2.62653846e-02, 4.51793754e-03, 2.92553869e-03,
          1.69910360e-02, 8.46661907e-03, -2.44601956e-03,
          -1.40650605e-03, 2.91851405e-02, 6.44014031e-02,
          4.49788719e-02, 1.74281970e-02, -8.77138134e-03,
          -4.03169403e-03, -2.39317808e-02, 6.72125537e-03,
          1.57421101e-02, 2.23296080e-02, 1.51938442e-02,
          -2.26508151e-03, 4.55056364e-03, 1.27666304e-02,
          8.43017828e-03, -3.01847700e-02, 3.76781751e-03,
          1.86326727e-02, 2.71613505e-02, 1.74399186e-02,
          -1.58770829e-02, -3.13062128e-03, 5.28297340e-03,
          -2.42489912e-02, -1.61070004e-02, 2.22154409e-02,
          1.11059919e-02, -8.40439834e-03, 2.77545489e-02,
          5.33335702e-03, 8.96658562e-03, 8.48843995e-03,
          -1.66567769e-02, -4.48370129e-02, 2.12807599e-02,
          -6.58396957e-03, -7.13511743e-03, 1.21485824e-02,
          -1.37514882e-02, -9.44942329e-03, -2.61510052e-02,
          -5.39887100e-02, -5.64276613e-03, -8.41729064e-03,
          2.74105258e-02, 3.77961062e-02, 8.81302543e-03,
          -2.00676769e-02, -2.73403421e-04, -3.98000702e-03,
          -2.16364954e-02, -2.24214308e-02, 1.19676646e-02,
          2.19362341e-02, 3.02914176e-02, 1.00413859e-02,
          -1.02802869e-02, -5.08018304e-03, -7.27159949e-03,
          -3.34199369e-02, -5.82816871e-03, -2.00229813e-03,
          -6.21046219e-03, 1.25044456e-03, 7.19483010e-03,
          -1.75376404e-02, -8.93016439e-03, 6.09203288e-03,
          -1.16978027e-02, -1.50839780e-02, 1.17292646e-02,
          -3.50194890e-03, -2.62558484e-03, 2.07732040e-02,
          7.54186139e-03, 5.87231619e-03, 1.70398969e-02,
          -1.19909700e-02, -2.99839186e-03, 9.95414611e-03,
          -1.21618249e-02, 3.83293489e-03, 1.73815613e-04,
          -1.46122286e-02, 1.17286888e-03, -2.08027908e-04,
          -1.62817771e-03, 3.20991799e-02, 1.93949770e-02,
          -4.55295015e-03, 1.34344399e-02, 7.42542616e-04,
          -3.26259769e-02, -1.81518402e-03, -2.78662681e-03,
          -3.00693437e-02, 2.50156000e-02, 2.43550725e-02,
          -1.13596732e-03, -4.81495960e-03, 3.56148905e-03,
          -1.32567659e-02, -2.70610582e-02, -2.93723140e-02,
          -2.59230891e-03, 3.89163308e-02, 2.96202824e-02,
          1.29828025e-02, 1.79389603e-02, 8.40972643e-03,
          -3.71685177e-02, -3.32847387e-02, -1.46334767e-02,
          -6.29765354e-03, 4.85112146e-02, 2.61316709e-02,
          -3.47480215e-02, -3.19188610e-02, -2.48748120e-02,
          -1.35408379e-02, 1.10838600e-02, 3.68013568e-02,
          1.71245094e-02, 2.82717850e-02, 6.22846466e-03,
          -4.43441346e-02, -5.57603724e-02, -1.92879867e-02,
          -1.28577799e-02, 2.78001707e-02, 2.31197905e-02,
          1.38474777e-02, 2.47214567e-02, 5.44397645e-02,
          -2.50411984e-02, -6.55862838e-02, -5.05712926e-02,
          -2.83030197e-02, -3.09302602e-02, 2.15470437e-02,
          3.75642814e-02, 6.35003075e-02, 3.38238999e-02,
          -2.98676118e-02, -7.54854307e-02, -4.90412526e-02,
          -3.24113630e-02, -2.71318723e-02, -5.99214016e-03,
          1.12599768e-02, 1.89583376e-02, -2.02691532e-03,
          -6.47164788e-03, -4.49608872e-03, -4.89822822e-03,
          -2.22609993e-02, -2.36597797e-03, 1.67521443e-02,
          2.73917010e-03, 1.20409317e-02, -1.32866437e-04,
          -1.87863074e-02, -9.05653834e-03, -7.48419017e-03,
          -1.60021465e-02, 5.52941766e-03, 1.84594393e-02,
          -1.58940069e-02, -1.62767358e-02, 1.58142447e-02,
          -2.82197967e-02, -2.45786402e-02, 1.93813327e-03,
          -2.02664416e-02, -2.99322717e-02, -7.33866962e-03,
          8.43092334e-03, 6.59170095e-03, 1.69328377e-02,
          -5.40436013e-03, 2.46373587e-03, 1.55448737e-02,
          -2.51255427e-02, -8.25948361e-03, -1.46553142e-03,
          4.67081591e-05, 2.04466600e-02, 6.46684468e-02, 1.57218426e-02,
          -1.28899282e-02, -3.17824632e-02, -9.97497351e-04,
          2.46863663e-02, -1.04046045e-02, -5.82424141e-02,
          -1.96655234e-03, 5.77718355e-02, 1.75562389e-02,
          5.17050456e-03, -9.16138664e-03, 3.93869355e-02,
          3.49857621e-02, -3.15725133e-02, -4.07429636e-02,
          3.84713411e-02, 2.75025032e-02, 2.50027757e-02, 2.87513956e-02,
          -3.11564934e-02, -2.53692809e-02, -1.75065398e-02,
          -3.48687693e-02, -5.72907515e-02, 3.56840109e-03,
          -3.39527335e-03, 1.76109001e-02, 3.13705094e-02,
          -2.66395248e-02, 2.33268971e-03, -3.17830476e-03,
          -6.98096901e-02, -4.72391993e-02, 1.60217769e-02,
          1.43290218e-02, 1.04185482e-02, 2.49037845e-03, 2.84046791e-02,
          4.56449501e-02, 1.68271698e-02, -4.20729481e-02,
          -4.22956832e-02, 2.05322690e-02, 3.12023773e-03,
          -1.96555667e-02, -3.08228768e-02, -2.23734416e-03,
          1.55159459e-02, 2.08324306e-02, -5.35991421e-05,
          -2.17812080e-02, -4.47602943e-03, 5.80053870e-03,
          1.07173137e-02, -4.97152144e-03, 7.74285709e-03,
          -2.53968872e-03, 1.30654266e-02, -4.26284857e-02,
          -2.40050778e-02, 2.25404873e-02, 2.00004559e-02,
          -1.07184239e-02, -3.01539525e-02, -1.76255852e-02,
          -1.02108819e-02, 3.98086896e-03, -1.86578445e-02,
          -3.84326396e-03, 1.76523384e-02, -1.02239912e-02,
          8.64494033e-03, -3.44135985e-02, 1.21550970e-02,
          3.35315913e-02, 2.85290107e-02, 9.15182661e-03,
          -1.72093231e-02, -6.18998706e-03, -3.47337946e-02,
          9.48409736e-03, -2.62907818e-02, 3.99828218e-02,
          5.40388152e-02, 4.88532223e-02, 1.09416367e-02,
          -1.15860896e-02, -2.83840373e-02, 3.04937940e-02,
          1.16141252e-02, -4.27912846e-02, -9.06400569e-03,
          1.01299081e-02, 8.86220019e-03, -7.20832497e-03,
          -1.01929139e-02, -1.26160057e-02, -3.24533619e-02,
          -5.49851544e-03, -4.81650382e-02, 1.07438434e-02,
          3.74223068e-02, 3.36155221e-02, 4.23108274e-03,
          -1.80945806e-02, -5.75332232e-02, -7.48768151e-02,
          1.98055934e-02, 1.19502526e-02, 4.08774056e-02, 4.92359288e-02,
          4.15658839e-02, 2.46390570e-02, 1.24250269e-02,
          -8.40899497e-02, -4.94636223e-02, 2.76352391e-02,
          8.33421201e-03, 2.52345614e-02, 1.75583996e-02, 2.42275763e-02,
          2.61204150e-02, 4.04102355e-02, -6.86392188e-02,
          -3.99079211e-02, 3.70946713e-02, 1.89862344e-02,
          2.42513418e-02, 5.20924181e-02, 4.59355600e-02, 1.72873437e-02,
          -2.91783386e-03, -9.53561813e-02, -1.28643196e-02,
          5.42416349e-02, 3.37566473e-02, 3.19391191e-02, 7.05276430e-03,
          2.77407356e-02, 3.28389853e-02, 2.99141631e-02,
          -7.24393502e-02, -2.15625428e-02, 2.52576359e-02,
          1.05304783e-02, 4.27310501e-04, 3.42865512e-02, 3.99234742e-02,
          3.97842005e-02, -9.53210704e-03, -3.77590656e-02,
          1.24810990e-02, -9.01128259e-03, -2.61545200e-02,
          -2.53205933e-02, 8.88786558e-03, 2.23268811e-02,
          2.22614594e-02, 5.81657700e-03, 3.65494154e-02,
          -2.32370291e-03, 3.51649597e-02, 4.41496707e-02,
          3.28815952e-02, 1.67118981e-02, 4.37263846e-02, 5.68513479e-03,
          -1.04185101e-03, -3.04048546e-02, 4.29241285e-02,
          9.26680863e-03, 7.98633229e-03, -4.57553612e-03,
          -6.37747813e-03, 2.25033071e-02, 3.86758149e-03,
          1.49812177e-02, 4.35896739e-02, 1.10562416e-02,
          -2.23403499e-02, -8.04812927e-03, 2.86363717e-02,
          2.77390871e-02, 1.34446127e-02, -2.54755281e-03,
          1.20400237e-02, 3.16050760e-02, 4.74295858e-03, 2.34070569e-02,
          1.46661205e-02, 5.81303090e-02, 5.03061526e-02, 2.04495657e-02,
          1.25356251e-03, -4.54184599e-03, -1.65972710e-02,
          7.42962910e-03, -2.49787942e-02, -1.17309950e-02,
          2.60697119e-02, 3.25027481e-02, 2.04789005e-02, 1.86852682e-02,
          6.12539425e-03, 3.83806750e-02, 1.11359153e-02,
          -1.07607211e-03, -3.39007983e-03, 2.84250472e-02,
          3.35263535e-02, 1.81320701e-02, -3.52933333e-04,
          -1.24704884e-02, -2.91830581e-03, 4.06487174e-02,
          -3.87158780e-03, -1.83898378e-02, 2.93492246e-02,
          1.14949094e-02, 1.04503511e-02, 6.42833579e-03,
          -2.24946886e-02, -5.27681150e-02, 3.62022445e-02,
          -1.44840674e-02, -9.00916569e-03, 8.55650008e-03,
          -7.43452227e-04, -4.76402044e-03, -2.15200130e-02,
          -6.49004728e-02, -7.84782320e-03, 3.76489311e-02,
          -8.77924636e-03, -6.02536350e-02, 2.78402679e-03,
          5.85517380e-04, 3.99226788e-03, -4.96854726e-03,
          -4.69537936e-02, -8.50577280e-03, 4.19426300e-02,
          -6.03182847e-03, -3.93783487e-02, 1.20476435e-03,
          -1.94145553e-02, -2.56737191e-02, -5.74098341e-02,
          -4.68935668e-02, 7.98630808e-03, -3.98893887e-03,
          -5.85846230e-03, -7.07930047e-03, 1.12973284e-02,
          -2.46373517e-03, -4.90142824e-03, -1.12196547e-03,
          -4.86128638e-03, -4.92298510e-03, 9.37098544e-03,
          -1.28241377e-02, -5.30465413e-03, 2.85391062e-02,
          1.24004940e-02, 1.05810026e-02, 1.15944222e-02,
          -1.16665596e-02, 1.82309304e-03, 2.21413337e-02,
          1.81768667e-02, -2.83922977e-03, 5.41752111e-03,
          -7.38774985e-03, -2.65216827e-02, -3.48653793e-02,
          -1.67655740e-02, 3.84134986e-02, 2.41212901e-02,
          1.12812547e-02, 2.39065848e-02, 3.53775956e-02, 1.95564306e-03,
          -3.38877505e-03, -3.07508111e-02, -1.55030442e-02,
          1.92814544e-02, 1.86046530e-02, -1.28304288e-02,
          4.53450222e-04, 1.02246655e-02, -1.76171605e-02,
          -4.06076983e-02, -2.72920933e-02, 9.60254669e-03,
          3.76959406e-02, 2.38422342e-02, 4.87434492e-03, 2.12784205e-02,
          1.43050384e-02, -4.80772145e-02, -3.77628803e-02,
          -4.26690793e-03, 1.00523913e-02, 4.01505455e-02,
          8.25591013e-03, -1.08773140e-02, 7.37713324e-03,
          3.30347903e-02, -3.69902365e-02, -4.31601517e-02,
          -9.28138092e-04, 6.98922435e-03, 1.82427857e-02,
          8.52745585e-03, 2.45998404e-03, 1.42588941e-02, 2.40164045e-02,
          -3.93478833e-02, -3.05622406e-02, 9.37594939e-03,
          1.91309080e-02, 4.60962318e-02, 5.95281124e-02,
          -1.34670185e-02, -4.77953292e-02, -4.75788750e-02,
          -3.07493359e-02, -3.03894728e-02, 1.38473036e-02,
          2.30184905e-02, 5.32853864e-02, 3.31689231e-02,
          -1.45834964e-02, -5.94695061e-02, -5.56533821e-02,
          -3.86567414e-02, -3.18640620e-02, -1.91453565e-02,
          -2.01172591e-03, 1.56292710e-02, 4.94753681e-02,
          1.49146682e-02, -2.09495928e-02, -2.98149046e-03,
          -3.92398238e-02, -4.31690998e-02, 6.20987779e-03,
          2.38164756e-02, 5.17357290e-02, 3.23402435e-02, 3.41599695e-02,
          -3.09000704e-02, -6.78711012e-03, -4.32977155e-02,
          -5.66595830e-02, -2.46487316e-02, 2.03785457e-04,
          1.77829601e-02, 1.18612703e-02, -1.42793320e-02,
          -1.53396428e-02, -6.21333718e-03, -1.85880251e-02,
          -4.36507203e-02, -1.66016519e-02, 1.25224898e-02,
          8.39726068e-03, 8.25659372e-03, -3.54645867e-03,
          3.22207040e-03, 8.85437801e-03, -2.58742310e-02,
          -3.17126736e-02, -1.57811008e-02, -7.63893069e-04,
          1.39341708e-02, 1.96504351e-02, 2.21630894e-02, 2.43225228e-03,
          -1.70028806e-02, -3.55724394e-02, -4.68794890e-02,
          -3.44277322e-02, -3.51816742e-03, -1.00201890e-02,
          1.71727501e-02, 1.89638734e-02, 1.34661160e-02,
          -1.82163641e-02, -1.12053407e-02, -2.72621550e-02,
          -2.25661919e-02, -8.76689970e-04, -8.54247436e-03,
          3.21210399e-02, 2.01428551e-02, 4.41659465e-02,
          -2.98150163e-02, -2.65183114e-02, -1.43239042e-02,
          -2.77876817e-02, -2.18192264e-02, 2.29256097e-02,
          1.16142742e-02, 3.39975283e-02, 4.20597605e-02,
          -2.89389994e-02, -2.86447746e-03, -1.36995465e-02,
          -5.23569547e-02, -1.31171970e-02, 2.90660094e-02,
          -1.22178672e-02, -4.02568746e-03, 2.46377513e-02,
          -1.55387344e-02, -2.06066575e-02, -2.84020454e-02,
          -1.55857913e-02, -1.06156105e-02, 8.24364088e-03,
          -6.61336165e-03, 2.10124478e-02, 1.79137178e-02,
          -1.50317429e-02, -1.35469972e-03, -2.75896173e-02,
          -3.03011239e-02, -8.71019159e-03, 1.66799277e-02,
          1.73385236e-02, 1.53877884e-02, 1.66668510e-03,
          -1.53357759e-02, -8.82825628e-03, -1.45580154e-03,
          -2.65224408e-02, 6.45170780e-03, 3.77024896e-02,
          4.21507582e-02, 7.66989589e-03, -1.80465039e-02,
          -2.54284628e-02, -1.68491565e-02, 1.13120861e-03,
          -3.16678849e-03, 9.26466659e-03, 3.30208577e-02,
          1.40195135e-02, 3.25747989e-02, 9.92580503e-03,
          -2.43499614e-02, -3.15376185e-02, -2.89348122e-02,
          -1.29515883e-02, 2.42876336e-02, 1.13102496e-02,
          3.72447707e-02, 2.52492931e-02, -1.79292131e-02,
          -5.16476072e-02, -4.82117906e-02, -2.25665383e-02,
          -2.58332700e-03, 2.45501492e-02, 3.49925794e-02,
          3.71891744e-02, 2.78989282e-02, -2.59152930e-02,
          -1.02262581e-02, 4.70135221e-03, 1.06033403e-04,
          -9.61268507e-03, -1.22456495e-02, -4.19408595e-03,
          -9.86352284e-03, 5.70658548e-03, -3.66299339e-02,
          6.75694505e-03, 3.10073234e-02, 1.20201278e-02, 4.33806563e-03,
          -1.65913720e-02, -3.63252535e-02, 2.48438958e-02,
          2.35946123e-02, -3.05945016e-02, -2.69601177e-02,
          -1.78536698e-02, -2.29973514e-02, -1.98144801e-02,
          6.02317043e-03, -3.56943044e-03, 5.06295776e-03,
          1.26212863e-02, -5.12884324e-03, 2.67146068e-04,
          2.42457017e-02, 2.29789363e-03, 6.06116280e-03,
          -3.30329966e-03, -1.57771185e-02, -3.24150100e-02,
          2.80376580e-02, 5.74458018e-03, 1.65349301e-02, 4.02581356e-02,
          2.60809623e-02, 1.10292677e-02, -9.15019494e-03,
          -7.21564367e-02, -2.46938015e-03, 4.98873927e-02,
          3.32774371e-02, 2.85637844e-02, -8.39101430e-03,
          7.55448081e-03, 1.37332575e-02, 2.28218958e-02,
          -5.91604710e-02, -4.55301739e-02, 3.26667936e-03,
          1.27270250e-02, 4.38236855e-02, 2.31418665e-02, 7.06137216e-04,
          1.49521083e-02, 1.28184902e-02, -4.20762971e-02,
          -2.01021768e-02, 4.21917774e-02, 5.35445400e-02,
          5.42899221e-02, 7.35500827e-03, -2.41056196e-02,
          2.92401277e-02, 2.35382840e-02, -2.48660557e-02,
          -1.44239049e-02, 2.70413887e-02, 5.41299693e-02,
          4.43761051e-02, 1.19423671e-02, 1.84593722e-02, 8.93151911e-04,
          -6.63205842e-03, -1.99458227e-02, 2.06039213e-02,
          1.37755391e-03, 1.24330446e-02, -3.26989335e-04,
          -9.96283069e-03, 4.06925753e-03, -5.55584021e-03,
          2.40024347e-02, 3.31850797e-02, -2.52851564e-02,
          2.86102127e-02, 6.93269148e-02, 5.85737824e-02, 1.87722873e-02,
          -1.53278792e-02, 1.03034507e-02, 1.26604028e-02,
          -2.44254246e-03, -4.73486595e-02, -3.01009566e-02,
          3.91671024e-02, 2.77518537e-02, 6.26386842e-03,
          -1.95022542e-02, -1.57725613e-03, 1.39170382e-02,
          1.81496460e-02, 8.22463538e-03, -1.61651913e-02,
          5.81492903e-03, 2.54873075e-02, 1.79803483e-02, 1.52425859e-02,
          2.09534876e-02, 1.11304522e-02, 3.45276669e-02, 5.87682379e-03,
          -6.57382188e-03, -5.23804454e-03, 3.07761393e-02,
          1.81476697e-02, 2.08825944e-03, 6.78811315e-03, 5.21914242e-03,
          1.10655194e-02, 1.47122899e-02, 3.65257333e-03, 3.49865369e-02,
          4.56101559e-02, -2.64192205e-02, -3.97790372e-02,
          -2.91532986e-02, 1.01226037e-02, 1.55909993e-02,
          3.38362642e-02, 1.84385534e-02, 1.11388294e-02,
          -4.67406091e-04, -4.03048210e-02, -4.86876518e-02,
          -4.05437015e-02, 4.00741305e-03, 3.72593775e-02,
          4.96283881e-02, -2.50642351e-03, -4.41907756e-02,
          -1.44685023e-02, -7.81460572e-03, 6.22372469e-03,
          -3.05808056e-03, -2.86351722e-02, 8.13411083e-03,
          6.38299435e-02, 1.70784798e-02, -3.36276107e-02,
          -8.96208547e-03, -2.49901675e-02, -2.59904340e-02,
          -5.22953384e-02, -4.18235622e-02, 3.06009389e-02,
          5.68083972e-02, 1.45950625e-02, -1.83710530e-02,
          -3.57922763e-02, -1.82060786e-02, -2.71158721e-02,
          -3.29866335e-02, -2.82561276e-02, 2.14409046e-02,
          5.62028103e-02, 2.33136490e-02, -3.61657552e-02,
          -2.55288165e-02, -2.90604234e-02, -4.53866608e-02,
          -5.95593266e-02, -2.53500845e-02, 2.90576685e-02,
          3.71196680e-02, 2.48069223e-02, 2.91461125e-03,
          -6.06535329e-03, -1.25471242e-02, -3.75710465e-02,
          -4.08065356e-02, -9.13573429e-03, 4.20640670e-02,
          2.74107195e-02, 2.20670253e-02, 2.10426003e-02, 1.75454523e-02,
          -1.95465907e-02, -1.76415648e-02, -2.64761634e-02,
          -3.53566837e-03, 1.89817678e-02, 1.95917916e-02,
          2.63282992e-02, 1.13674738e-02, -2.43294183e-02,
          -5.45321144e-02, -2.59064287e-02, -3.24925408e-02,
          -9.33047757e-03, 2.64573935e-02, 2.47126482e-02,
          4.10292596e-02, 2.15034466e-02, -1.45429773e-02,
          -5.46273850e-02, -2.20922381e-02, -2.20258683e-02,
          -4.17195586e-03, 1.24729061e-02, 9.53135919e-03,
          -2.56609474e-03, 1.37576945e-02, 1.29998764e-02,
          -4.97423895e-02, -4.28132154e-02, 1.63330405e-03,
          1.36784017e-02, 1.06912563e-02, 1.05600841e-02,
          -1.59661309e-03, 1.12573588e-02, 1.43520618e-02,
          -5.43916337e-02, -3.23715881e-02, 1.22105107e-02,
          2.13124063e-02, 3.54814939e-02, 1.96749773e-02, 8.34930222e-03,
          8.22711829e-03, 1.17666684e-02, -4.71143648e-02,
          -3.87912914e-02, 8.32253601e-03, 1.01310667e-02,
          1.74051691e-02, 3.12009584e-02, 1.25772087e-02, 3.77354235e-03,
          1.04281725e-02, -4.70471866e-02, -4.02252153e-02,
          5.00363298e-03, 1.38129368e-02, 2.83239093e-02, 4.77903374e-02,
          1.62255559e-02, -1.33056799e-02, 6.53964793e-03,
          -3.65833603e-02, -4.48658727e-02, -9.21476167e-03,
          1.92060731e-02, 4.09108400e-02, 3.56396697e-02, 3.38444300e-02,
          -1.27633465e-02, 5.56405541e-03, -2.70977989e-02,
          -5.98539338e-02, -4.78849746e-02, -1.96630545e-02,
          1.07380198e-02, 3.06030847e-02, 7.50295212e-03, 6.96569635e-03,
          3.41025367e-02, -1.66285485e-02, -2.87230499e-03,
          -3.84136550e-02, -5.19239949e-03, 6.15660055e-03,
          1.16813099e-02, 6.99054496e-03, -1.23149939e-02,
          3.42931598e-02, 9.05594416e-03, -7.38498347e-05,
          -6.16949238e-02, -4.92278114e-02, -1.18358452e-02,
          1.69650316e-02, 3.42018642e-02, 2.77061835e-02,
          -2.58921226e-03, -8.25370755e-03, -3.62412967e-02,
          -3.66375260e-02, -2.59013139e-02, -2.13449765e-02,
          1.62447169e-02, 1.80464517e-02, 1.18067572e-02,
          -1.56965796e-02, 4.07571718e-03, -2.49787550e-02,
          -2.86330469e-02, -1.17816795e-02, -1.19903255e-02,
          2.75496719e-03, 1.15217147e-02, 3.80659313e-03, 1.93973314e-02,
          4.67332229e-02, 1.30528295e-02, -3.18791941e-02,
          -4.63538319e-02, -2.35172100e-02, 4.61741060e-04,
          9.94900614e-03, -2.12882590e-02, -8.46715458e-03,
          1.67955533e-02, 5.45888022e-03, -1.14696864e-02,
          -3.47063877e-02, -1.76160615e-02, -6.25057425e-03,
          -4.30022599e-03, 2.06672512e-02, -5.17957704e-03,
          -1.31518738e-02, 3.87221575e-04, 1.77957525e-03,
          1.28115537e-02, 1.30955121e-02, -7.58370385e-04,
          1.62545741e-02, 8.07347521e-03, -3.22962855e-03,
          3.56228411e-04, -7.21621513e-03, -4.89261048e-03,
          1.51928533e-02, 2.07419600e-02, -6.47012517e-03,
          -1.34366453e-02, -1.75674185e-02, -1.12554636e-02,
          -1.50154820e-02, 1.74620152e-02, 9.76187550e-03,
          3.25074196e-02, 2.76393853e-02, -5.28998952e-03,
          -2.54720896e-02, -3.92334163e-02, -3.20179272e-03,
          -6.64108805e-03, 2.52401549e-02, 9.31388140e-03,
          3.20172310e-02, 3.21792401e-02, 1.01383692e-02, 3.38574685e-02,
          1.30917998e-02, -2.03143954e-02, -1.29108867e-02,
          -4.71196696e-03, 1.21575063e-02, 2.54338030e-02,
          1.41243590e-02, 2.50288229e-02, 2.88474094e-02,
          -8.27305019e-03, -3.43521498e-02, -2.69220863e-02,
          -6.51449198e-03, 6.58940803e-03, 2.29098257e-02,
          3.32890041e-02, -1.85926072e-02, 1.66696752e-03,
          -1.48408525e-02, -2.21097730e-02, 3.19833793e-02,
          4.06304859e-02, -1.73631328e-04, 9.76052368e-04,
          2.10157875e-03, 4.62066196e-03, 1.48962000e-02, 4.52400139e-03,
          -6.73613884e-03, 1.56822652e-02, -6.18475350e-03,
          -7.46013317e-03, 2.55381297e-02, -3.41971172e-03,
          2.66690925e-02, 3.09288297e-02, -2.63283644e-02,
          -2.20485460e-02, -8.20345897e-03, -1.12025496e-02,
          -1.55211603e-02, 4.43119649e-03, -4.83401166e-03,
          8.65003618e-04, 2.41602529e-02, 8.87587201e-03, 1.70476008e-02,
          2.34434921e-02, 2.04871744e-02, 6.98887883e-03, 5.64872148e-03,
          -1.54110156e-02, 6.42343005e-03, 1.10511109e-02,
          -2.24842038e-02, -4.32334747e-03, -7.44949188e-03,
          -1.92958806e-02, -1.80266844e-03, 1.00271972e-02,
          -4.34334535e-04, -1.86667964e-02, 4.43182711e-04,
          2.34973449e-02, 3.71414758e-02, 3.39766853e-02, 1.83840916e-02,
          1.06555568e-02, 2.96614766e-02, -2.12535374e-02,
          -5.61605245e-02, -1.05723739e-02, 1.20116901e-02,
          3.79604883e-02, 2.00186670e-02, 3.58027220e-03, 1.37915844e-02,
          1.44498264e-02, -4.06987630e-02, -2.81230472e-02,
          3.25413933e-03, 3.00674345e-02, 6.17942438e-02, 3.24487174e-03,
          -2.34874524e-02, 2.26498693e-02, 2.00072154e-02,
          -1.32438755e-02, -5.74185625e-02, -3.03263161e-02,
          -5.99571131e-03, 2.59703994e-02, 1.89331733e-02,
          1.00263394e-02, 2.01178691e-03, 2.29459032e-02,
          -4.42809425e-03, -3.07677165e-02, -1.27225230e-02,
          2.41420940e-02, 3.51556614e-02, 9.23042651e-03,
          -2.85385200e-03, -9.67284013e-03, -3.01261898e-03,
          -2.03190837e-03, -1.81272533e-02, 4.23995964e-03,
          5.49188368e-02, 6.42969236e-02, 2.61659324e-02,
          -2.09087450e-02, 1.13017084e-02, 2.40237005e-02,
          3.36482236e-03, -5.30159846e-02, -5.28415591e-02,
          1.51559617e-02, 3.30767147e-02, 1.11734653e-02,
          -2.65857484e-02, 1.35808147e-03, 1.77808460e-02,
          1.40431523e-03, -5.82568254e-03, -1.74700341e-03,
          1.77752040e-02, 3.68849263e-02, 2.49965023e-02,
          -1.00581925e-02, -3.56897945e-03, 1.07258977e-02,
          3.06376778e-02, -2.17845701e-02, -3.12376954e-02,
          -7.80568132e-03, 1.66447833e-03, 7.52858259e-03,
          -2.31207721e-02, -3.01976060e-03, 4.88590775e-03,
          2.35418882e-03, 2.21333113e-02, 1.62831973e-02, 3.47030684e-02,
          4.73695472e-02, -1.71062630e-02, -4.54600491e-02,
          -3.07987388e-02, -2.44248356e-03, 2.24884730e-02,
          5.20030893e-02, 2.63070520e-02, 1.10688508e-02,
          -9.18582547e-03, -4.44121175e-02, -5.33323884e-02,
          -5.24023324e-02, -1.31367091e-02, 5.14758639e-02,
          3.63276340e-02, 4.38039750e-02, 4.85087708e-02, 2.22831182e-02,
          6.54272549e-03, -2.20245868e-02, -2.13438105e-02,
          -1.80354770e-02, 1.29479598e-02, 5.40345684e-02,
          4.11511697e-02, 1.98925119e-02, 2.04174463e-02,
          -1.54725712e-04, -3.25460546e-02, -3.21058668e-02,
          -1.44323446e-02, 1.75894089e-02, 6.33860603e-02,
          2.20611244e-02, -1.98501488e-03, -2.13850792e-02,
          -6.81234011e-03, -1.88226923e-02, -2.47058440e-02,
          -2.32036281e-02, 2.99454201e-02, 5.55866547e-02,
          1.97339114e-02, -1.81761459e-02, -1.45495953e-02,
          -4.92337998e-03, -1.37885893e-02, -4.12409827e-02,
          -8.87175649e-03, 3.19835618e-02, 3.41757238e-02,
          -5.19993808e-03, -3.07011083e-02, -1.63639449e-02,
          2.20343820e-03, -3.07747815e-03, -3.76898400e-03,
          -3.70028950e-02, -5.02101320e-04, -7.47703994e-03,
          -3.70609649e-02, -3.52144316e-02, 4.95047495e-03,
          2.34693103e-02, 1.12524517e-02, -7.92672392e-03,
          -8.79075937e-03, -2.44491966e-04, 8.39099195e-03,
          9.34876129e-03, 2.36247806e-03, -2.94814538e-02,
          -2.15726681e-02, 1.47297718e-02, -1.37795471e-02,
          -7.47185620e-03, 1.64437220e-02, 2.93288250e-02,
          3.06700543e-02, 3.10689979e-03, -2.75589060e-02,
          -3.79390572e-03, 5.41746290e-03, 8.38029757e-03,
          -5.16521931e-03, 1.21271890e-02, -2.35816631e-02,
          -2.18907520e-02, -4.68059117e-03, 1.18862959e-02,
          3.62574197e-02, 3.61935347e-02, -6.11345936e-03,
          -4.17311899e-02, -1.90846212e-02, 2.38318951e-03,
          2.53071799e-03, 1.02474373e-02, 5.59659069e-03, 2.08857674e-02,
          7.30665633e-03, 1.58792268e-03, -2.64387708e-02,
          -1.46946143e-02, 2.51391698e-02, 8.21294636e-03,
          3.96182435e-03, 7.12051755e-03, -2.79512834e-02,
          -3.76716927e-02, -8.31561163e-03, 7.99008459e-03,
          2.10859943e-02, 3.80795971e-02, 9.79142170e-03, 5.94693515e-03,
          -5.06244192e-04, -3.17536779e-02, -4.32552472e-02,
          2.71654688e-03, 5.38810482e-03, 3.66085656e-02, 9.21097118e-03,
          5.18249907e-03, 1.55228819e-03, 1.68409701e-02,
          -3.89615335e-02, -4.73681316e-02, -1.85799133e-02,
          2.33016275e-02, 1.33654689e-02, 4.13926579e-02, 1.21705476e-02,
          -1.15646459e-02, -6.47425978e-03, -5.54428026e-02,
          -5.47178835e-02, -7.32503971e-03, 3.11060287e-02,
          4.20014597e-02, 2.81969514e-02, 6.45612180e-03, 9.22584720e-03,
          2.52122954e-02, -2.08953805e-02, 3.70204332e-03,
          -3.12385112e-02, -8.66067130e-03, 1.38725177e-03,
          5.69937564e-03, -6.42669760e-03, -1.01417881e-02,
          3.50617766e-02, 2.46602222e-02, 2.10854616e-02,
          -4.13099229e-02, -4.20158878e-02, -1.12069696e-02,
          3.43392380e-02, 2.56781671e-02, -2.86495499e-02,
          -9.62016173e-03, -3.21428850e-02, 5.70052117e-03,
          -7.51827611e-03, 6.40529615e-04, 2.07904000e-02,
          -1.00543452e-02, -2.83276197e-02, -2.29227804e-02,
          4.84608812e-03, 4.15708460e-02, 3.81868221e-02, 6.36661472e-03,
          -2.27102414e-02, 2.71964876e-04, 6.62840484e-03,
          5.94488019e-03, -7.86675490e-04, 1.48355253e-02,
          5.19484580e-02, 1.89685319e-02, -2.01535784e-02,
          -3.79958861e-02, -5.26410900e-03, 2.83285300e-03,
          8.46168213e-03, -1.65165700e-02, -6.16461551e-03,
          3.73610146e-02, 9.13844816e-03, 1.76074740e-03,
          -2.22468413e-02, 9.63432598e-04, 2.20895018e-02,
          -3.93149666e-02, -2.39897389e-02, 2.01361328e-02,
          3.33675146e-02, 6.08937554e-02, 2.99947476e-03, 4.32389555e-03,
          4.29156162e-02, 3.54555272e-03, -4.63172235e-02,
          -3.19634750e-02, 8.48717988e-04, 1.78800784e-02,
          5.34148626e-02, 2.09784586e-04, 1.49729045e-03, 1.42609729e-02,
          -1.31562762e-02, -2.61855628e-02, -1.85701530e-02,
          -9.07940045e-03, -1.64682306e-02, 2.36681607e-02,
          7.17668049e-03, 2.58047748e-02, 2.13282220e-02,
          -8.20712280e-03, -3.51856500e-02, -4.08532098e-02,
          1.48284156e-02, -1.87579321e-03, 2.36080419e-02,
          8.85383750e-04, 2.07901243e-02, 4.01780009e-02, 3.08732409e-03,
          -4.75585870e-02, -8.55638832e-03, 1.08936559e-02,
          -7.34847551e-03, -5.50675392e-03, 4.08430723e-03,
          3.45280096e-02, 3.20115313e-02, 1.85751077e-02,
          -6.46703225e-03, -6.13196613e-03, 1.91486664e-02,
          -1.24197630e-02, -3.10895573e-02, -3.03370021e-02,
          1.63855404e-02, 5.82493097e-02, -2.01539602e-02,
          -1.92097183e-02, -3.09892837e-02, -1.22162811e-02,
          4.84200567e-02, 2.76659634e-02, -2.43663844e-02,
          -1.31099727e-02, -6.56258897e-04, 1.27539048e-02,
          1.50964363e-02, -1.07765691e-02, -9.17265657e-03,
          1.73824467e-02, -1.05324239e-02, -1.41948657e-02,
          1.50128361e-02, 6.95833424e-03, 4.18980680e-02,
          -6.66913809e-03, -5.88555296e-04, 1.70957006e-03,
          8.54334794e-03, -2.60229483e-02, -4.59716693e-02,
          -1.78109594e-02, 2.78195664e-02, 4.52698357e-02,
          1.00017097e-02, -6.77627791e-03, -2.11087279e-02,
          -2.21224371e-02, -3.19754332e-02, -1.56485885e-02,
          2.42109899e-03, 2.96910666e-02, 3.88042349e-03, 2.32423702e-03,
          -1.03991134e-02, -1.93759252e-03, -2.54061017e-02,
          -1.84186697e-02, 3.26224440e-03, 7.04325503e-03,
          -4.57732298e-04, -1.31554464e-02, -5.84928645e-03,
          1.81463137e-02, 4.45686877e-02, 9.74069815e-03, 5.42151416e-03,
          7.35815940e-03, 3.46259885e-02, -6.86086854e-03,
          1.39061939e-02, -9.76395793e-03, -1.27237197e-02,
          -2.32960097e-02, -3.44431438e-02, -2.36648768e-02,
          -1.11163864e-02, 2.50462554e-02, 3.41849066e-02,
          7.18124560e-04, 5.03566815e-03, 1.45083386e-02, 3.22101712e-02,
          -7.29300082e-03, -1.58006530e-02, -2.60473434e-02,
          2.13278532e-02, 2.79308259e-02, -4.23537605e-02,
          -2.39406247e-02, 1.49792694e-02, 2.67323311e-02,
          1.91043280e-02, 9.33519506e-04, -1.19038345e-02,
          1.02628628e-02, -3.78254056e-03, -2.96489038e-02,
          -8.70781112e-03, 2.51213685e-02, 3.00881099e-02,
          7.97509123e-03, -1.82992034e-02, -1.07837887e-02,
          -1.46158161e-02, -2.15675426e-03, -5.28846271e-02,
          -3.74979898e-03, 2.52409633e-02, 3.89499962e-03,
          9.81279742e-03, 8.18246510e-04, -2.29412988e-02,
          -2.35200324e-03, 2.34416337e-03, -3.84093374e-02,
          5.61151700e-03, 2.48939656e-02, 9.84173734e-03,
          -1.07612768e-02, -1.11931786e-02, -2.63480954e-02,
          -8.04921426e-03, -1.11458432e-02, 1.01993103e-02,
          1.44211566e-02, 3.56380753e-02, 2.44904906e-02, 2.45176833e-02,
          -5.86770615e-03, -3.88977770e-03, 8.68628919e-03,
          2.69044433e-02, -1.01660669e-03, 3.91783845e-03,
          -3.37483874e-03, -2.17749970e-03, 8.06479715e-03,
          -2.39576399e-02, -1.55096566e-02, -5.11818612e-03,
          -9.71002597e-03, -1.51681667e-02, 3.59135307e-02,
          4.58624437e-02, 2.57083811e-02, 8.48154724e-03,
          -1.90316532e-02, -1.44142807e-02, 6.02310710e-03,
          -9.58561338e-03, -2.32448010e-03, 5.81148453e-02,
          2.31822133e-02, -9.98375937e-03, -1.69796087e-02,
          -3.85514945e-02, -4.63514514e-02, -3.24574746e-02,
          -3.62795144e-02, 3.01686227e-02, 4.93066907e-02,
          5.30657321e-02, 3.62907210e-03, 9.96853132e-03,
          -2.38588806e-02, -4.35277028e-03, -1.75722614e-02,
          8.82490259e-03, 3.08239330e-02, 3.87492105e-02, 1.79983284e-02,
          -5.29221725e-04, 1.22818183e-02, -1.85778048e-02,
          -5.21352515e-03, -1.20423920e-02, 6.42608618e-03,
          2.77550165e-02, 8.37444514e-02, 3.82839926e-02,
          -1.97532377e-03, -3.77910770e-02, -2.53483243e-02,
          2.39706622e-03, 5.74206188e-03, -2.01973040e-02,
          1.87528413e-02, 5.68027049e-02, 3.20372768e-02, 9.40779317e-03,
          -3.38572152e-02, -2.15562824e-02, -7.41301524e-03,
          4.18313826e-03, 1.16492100e-02, 2.36720871e-02, 5.75317070e-03,
          -2.49454547e-02, -6.17885171e-03, 6.37049926e-03,
          -8.55736807e-03, -6.87850034e-03, -1.62756331e-02,
          6.13578781e-03, -1.73689537e-02, -3.78253534e-02,
          -2.16158703e-02, 1.79813821e-02, 3.69820856e-02,
          5.11873839e-03, -1.59131046e-02, -7.10985297e-03,
          1.10912900e-02, 1.09482286e-02, -1.60670113e-02,
          -1.99042335e-02, -2.62876414e-03, 8.96206964e-03,
          -2.42511183e-02, -4.73937728e-02, 2.88455456e-04,
          2.21046638e-02, 1.95888802e-02, -4.86898012e-02,
          -3.98518927e-02, 1.73430257e-02, 2.60688532e-02,
          -7.47421663e-03, -2.80452911e-02, 5.94375655e-04,
          3.24930400e-02, -1.90913249e-02, -1.97915677e-02,
          -7.30022509e-03, 1.23114567e-02, 3.27025093e-02,
          1.47278253e-02, -1.60339884e-02, -2.87522487e-02,
          -6.67913072e-03, -8.45992751e-03, 3.76597280e-03,
          2.04431247e-02, 2.31761634e-02, 2.54648458e-02,
          -1.89665686e-02, -4.18728311e-03, -1.83436032e-02,
          -3.87721648e-03, 1.52721687e-03, -5.32005401e-03,
          3.35265324e-03, 3.82721163e-02, 2.26723142e-02,
          -1.04754092e-02, -1.36297094e-02, -1.25332344e-02,
          7.74465501e-03, -6.31349161e-03, -1.11278484e-03,
          2.02790610e-02, 5.81909493e-02, 1.73931662e-03,
          -1.82406344e-02, -1.08190784e-02, 9.55525413e-03,
          -7.02794860e-05, -4.68939077e-03, -6.55747438e-03,
          1.90114602e-02, 2.07609106e-02, -3.03159542e-02,
          -4.55811583e-02, -4.89982590e-03, 2.45002192e-02,
          2.18999702e-02, 3.82067971e-02, 4.88184858e-03,
          -1.49318401e-03, 7.46909017e-03, -4.08721529e-02,
          -2.61617005e-02, 2.36027525e-03, 3.04049999e-02,
          4.01036441e-02, -1.03690941e-02, -1.49454959e-02,
          1.11569315e-02, 1.31219663e-02, -2.37099770e-02,
          -1.27632022e-02, 1.22156404e-02, 1.42593766e-02,
          1.36620281e-02, 4.46194634e-02, -2.75324867e-03,
          -5.07758744e-03, 3.44210491e-02, -4.20618337e-03,
          2.70059891e-03, 2.27720980e-02, -4.16448602e-04,
          2.61307377e-02, 4.14877571e-02, 1.46859447e-02,
          -2.58213300e-02, -9.81232803e-03, -2.88370922e-02,
          -4.95847827e-03, 6.78079552e-04, 3.10233736e-04,
          3.86874825e-02, -5.05433185e-03, -2.29231063e-02,
          -2.60663852e-02, 9.40667093e-03, 2.62358747e-02,
          3.22190002e-02, 9.96463839e-03, -1.12060392e-02,
          1.97825637e-02, 1.85079314e-02, -3.27085890e-02,
          -5.36623504e-03, 7.60555826e-03, -1.43085709e-02,
          -3.47654372e-02, -5.71485376e-03, -8.63225479e-03,
          6.05498962e-02, -1.49481855e-02, -4.13098671e-02,
          -1.25208925e-02, 2.38389224e-02, 3.20753753e-02,
          1.43545596e-02, 2.53169574e-02, 2.88021099e-02, 3.72438319e-02,
          3.84686440e-02, -3.19886021e-02, -2.21887231e-02,
          5.22742281e-03, 9.39971954e-03, 5.19371927e-02, 1.93073822e-03,
          7.92101305e-03, 6.32366836e-02, 1.54909855e-02,
          -4.29583527e-02, -3.71512994e-02, -1.41086802e-02,
          -1.31344027e-03, 4.00227979e-02, -9.49744321e-03,
          -2.32627674e-04, 2.74926983e-02, 5.19627072e-02,
          -3.92967127e-02, -2.77462136e-02, -1.42117618e-02,
          -2.18698420e-02, 2.63326522e-02, 4.12182733e-02,
          3.86879109e-02, 9.33997557e-02, 4.39944640e-02,
          -2.57299021e-02, -3.47100087e-02, -1.59682464e-02,
          -3.47702354e-02, 1.17551524e-03, 8.79837852e-03,
          1.02718454e-03, 6.26258850e-02, -1.49756391e-02,
          -4.78957854e-02, -8.96066148e-03, 2.74278922e-03,
          -2.80197021e-02, -1.58188064e-02, -1.07243126e-02,
          1.32325152e-02, 1.96573734e-02, 1.22155501e-02,
          -1.46294525e-02, -2.68543139e-03, 2.20830850e-02,
          -3.81763279e-02, -4.32442948e-02, -4.06219773e-02,
          2.74755456e-03, 4.42811139e-02, 1.73969883e-02,
          -2.68047513e-03, 2.08587516e-02, 7.01837195e-03,
          -4.09719422e-02, -2.49267202e-02, -2.28754804e-02,
          -1.27483169e-02, 2.59753354e-02, 3.05947680e-02,
          -1.17050414e-03, 2.71015614e-02, 9.68046207e-03,
          -4.33027446e-02, -2.66945418e-02, -2.43661180e-02,
          -9.05047916e-03, 2.86902580e-02, 3.15134227e-02,
          3.49830464e-03, 1.51328649e-02, 1.57946683e-02,
          -5.70884813e-03, -3.45164500e-02, -3.02300788e-02,
          -1.89910997e-02, 1.99978538e-02, 2.75934394e-02,
          7.37116626e-03, 4.63214936e-03, -2.84484085e-02,
          -3.76517773e-02, -3.84614430e-02, -7.01706996e-03,
          -4.55408962e-03, 2.35422980e-02, 3.10506346e-03,
          -1.51087716e-02, 3.08960322e-02, 1.95143949e-02,
          -1.17989415e-02, -2.02739518e-02, 3.95583641e-03,
          -1.98492464e-02, 5.58010070e-03, -6.34105469e-04,
          -2.16167029e-02, 2.33584773e-02, -2.76158098e-02,
          -2.32492257e-02, -2.26141755e-02, -4.90923885e-05,
          -2.18984056e-02, -7.64071068e-04, 7.71534769e-03,
          3.59473604e-04, -1.49101503e-02, -3.14373411e-02,
          -4.54127714e-02, -3.09354682e-02, -2.44827867e-02,
          2.50357222e-02, 3.86404321e-02, -8.81671265e-04,
          2.07165964e-02, 2.20536590e-02, 2.28205547e-02,
          -6.91595441e-03, -1.65089574e-02, -2.78808884e-02,
          1.27416980e-02, 3.28834206e-02, 5.20240795e-03,
          -3.10435821e-03, 3.00940708e-03, -3.03026177e-02,
          -4.31673937e-02, -2.53150612e-02, -3.09779104e-02,
          2.56416062e-03, 1.04193799e-02, -9.75265726e-03,
          2.12703627e-02, 3.46588381e-02, 1.89245045e-02,
          -2.71112137e-02, -3.10603976e-02, -2.56309547e-02,
          1.08355505e-03, 1.13423998e-02, -3.29173505e-02,
          2.07922813e-02, 3.02605331e-02, 9.40434076e-03, 1.66824013e-02,
          5.99598605e-03, -2.02839151e-02, 6.04644790e-03,
          8.63836426e-03, -4.47414666e-02, 1.48259131e-02,
          1.08603463e-02, 3.43176024e-03, -1.30863674e-02,
          -8.12805258e-03, -1.86340846e-02, 1.49178496e-02,
          -1.15006780e-02, -4.36612330e-02, 3.45061310e-02,
          3.30593996e-02, 1.78746805e-02, 1.10199861e-03, 5.16803842e-03,
          -7.22789159e-03, 1.09547600e-02, -4.44887094e-02,
          -4.29403037e-02, 2.15969570e-02, 1.91214364e-02,
          6.63295202e-03, -1.09563041e-02, -3.64309885e-02,
          -1.08267749e-02, 2.50718426e-02, -9.63018741e-03,
          -2.19840631e-02, 4.03970182e-02, 4.62349467e-02,
          3.08677182e-02, 9.68482438e-03, -1.14391269e-02,
          -2.65517551e-03, 2.65241973e-02, 9.12090181e-04,
          -3.05266934e-03, 7.08209798e-02, 4.46471162e-02,
          1.03423186e-02, -1.65298041e-02, -2.15235595e-02,
          -1.77554432e-02, -1.53022669e-02, -3.21169607e-02,
          -5.20278662e-02, 2.20289063e-02, 4.34405357e-02,
          2.07529012e-02, 1.25389975e-02, -1.80526972e-02,
          1.10334540e-02, 4.00136895e-02, -2.84515927e-03,
          -5.36706224e-02, 2.97063105e-02, 6.03196546e-02,
          2.19190493e-02, -7.92990904e-03, -2.65456252e-02,
          -5.00034029e-03, -2.28112403e-04, -3.80846933e-02,
          1.81750972e-02, 8.23745355e-02, 2.96039395e-02, 8.79273377e-03,
          -3.58414836e-02, -1.86079610e-02, 1.02445465e-02,
          7.85738975e-03, -2.04341523e-02, 1.46259638e-02,
          5.19289486e-02, 3.49697731e-02, 4.58706217e-03,
          -2.80956272e-02, -2.69951131e-02, -1.09989773e-02,
          3.53455939e-03, 3.61514203e-02, 1.06101306e-02, 5.69722578e-02,
          3.36738341e-02, 1.63141787e-02, -1.77161880e-02,
          -2.72025112e-02, -5.15620830e-03, -1.98546089e-02,
          -1.36206504e-02, 1.53025659e-02, 5.08524738e-02,
          3.09197251e-02, 1.91763137e-02, -7.68671464e-03,
          -1.25462292e-02, -2.13952158e-02, 1.44097367e-02,
          3.98220979e-02, 2.36096140e-03, -6.07352937e-03,
          -4.31293948e-03, 9.36630648e-03, 1.05951102e-02,
          -1.65857356e-02, -4.91867177e-02, -1.23997880e-02,
          3.71350497e-02, 2.51452252e-02, -4.57781330e-02,
          -4.14556153e-02, 1.98355336e-02, 2.27372553e-02,
          5.50549768e-04, -1.66555345e-02, 3.03642079e-03,
          4.85788062e-02, 1.25372782e-03, -2.84370384e-03,
          7.54411099e-03, 1.33414771e-02, 3.94291151e-03, 1.10211945e-03,
          -5.63826859e-02, -1.88841615e-02, 5.17738238e-02,
          1.56499054e-02, -2.99099758e-02, -2.36121416e-02,
          1.27777299e-02, 1.94264408e-02, -2.93010753e-03,
          -1.69695355e-02, 1.77436403e-03, 4.31117564e-02,
          -9.81666264e-04, -1.38070928e-02, -1.66545517e-03,
          1.97448619e-02, 9.36160609e-03, -1.12702474e-02,
          -6.95558218e-03, -2.52900622e-03, 1.91438533e-02,
          -8.56176205e-03, -1.96910128e-02, 1.43752443e-02,
          3.94460149e-02, 9.59378784e-04, -1.27441855e-02,
          -1.08411945e-02, 1.24907624e-02, 5.90259815e-03,
          1.13612758e-02, -3.06644142e-02, -4.28728350e-02,
          -1.05659710e-02, -1.24993839e-03, 4.51527955e-03,
          1.37552945e-02, 1.64804906e-02, 6.16690889e-02, 3.40610917e-04,
          -8.84020329e-03, -2.98958477e-02, -2.08409643e-03,
          7.17133470e-03, 1.90677047e-02, 2.40286719e-02, 2.16600504e-02,
          2.79111657e-02, -3.35344998e-03, -1.74178872e-02,
          -9.89416707e-03, -1.18556805e-03, -2.40465645e-02,
          2.69702589e-03, 1.34272277e-02, 7.74549553e-03, 1.86362695e-02,
          4.06801514e-02, 2.66280258e-04, -9.26323049e-03,
          2.19314694e-02, 3.28166247e-03, 8.50778818e-03, 2.25634202e-02,
          -1.51627436e-02, 2.29206961e-02, 3.09880893e-03,
          -6.01172494e-03, -4.38216291e-02, -1.44925797e-02,
          -9.04131390e-04, 3.90707096e-03, 2.70356834e-02,
          1.87332295e-02, -2.16961489e-03, -7.85880629e-03,
          1.49452649e-02, -8.91750213e-04, -1.76973513e-03,
          9.97381750e-03, 4.13216976e-03, 3.11259143e-02, 2.67077386e-02,
          1.81594566e-02, 3.65285352e-02, -2.40552165e-02,
          -6.51501352e-04, 1.66307893e-02, 4.57852241e-03,
          -3.60917300e-02, -1.25363767e-02, -4.17294120e-03,
          6.39787838e-02, 1.54363560e-02, -2.26346329e-02,
          -6.48057880e-03, 2.77709812e-02, 2.79771090e-02,
          1.44953476e-02, 2.81125121e-02, 3.41155156e-02, 5.38285635e-02,
          3.49523909e-02, -8.62083305e-03, -7.35079451e-03,
          1.16856704e-02, 8.07658024e-03, -3.77662294e-02,
          -5.02721854e-02, -3.75727452e-02, 1.23748314e-02,
          2.87951529e-02, -2.49295542e-03, -1.10597657e-02,
          1.15695149e-02, 9.49936453e-03, -1.10084405e-02,
          -1.89526528e-02, -3.54240229e-03, 3.31540927e-02,
          4.52795662e-02, -2.95991153e-02, -1.69900749e-02,
          -3.70350317e-03, -3.13447379e-02, 1.74077600e-02,
          3.53426263e-02, 1.18936691e-02, 7.18726367e-02, 3.51741873e-02,
          -1.37408776e-02, -2.45387815e-02, -9.65221133e-03,
          -3.62352245e-02, -1.17983948e-02, -4.73713642e-03,
          -1.13276131e-02, 3.71804535e-02, 3.07378545e-02,
          -2.06563361e-02, -5.95233031e-03, -6.95842085e-03,
          -3.71459872e-02, -2.59984937e-03, 1.13547882e-02,
          1.30620813e-02, 5.85207418e-02, 5.82105888e-04,
          -9.25369561e-03, -1.35031585e-02, -3.39361164e-03,
          -4.69072498e-02, -2.02388391e-02, -1.44264717e-02,
          -1.62038244e-02, -3.76135344e-03, 1.69730633e-02,
          6.26218319e-03, 2.84052510e-02, 1.15971994e-02,
          -3.20848860e-02, -2.56580878e-02, -3.10805384e-02,
          -1.71805900e-02, 1.44577315e-02, 1.30228968e-02,
          -1.02585100e-03, 1.70035064e-02, 2.22561974e-02,
          -2.43122429e-02, -1.13456137e-02, -2.73578633e-02,
          -3.78904724e-03, 1.94103867e-02, -1.00209452e-02,
          1.06033739e-02, 3.06709446e-02, -2.86841043e-03,
          -1.52724525e-02, -3.29035372e-02, -3.79344560e-02,
          -2.50561954e-03, 4.69200406e-03, -2.13338509e-02,
          -8.14649835e-03, 3.68701643e-03, 3.86400819e-02,
          5.54122915e-03, -7.95089814e-04, -3.75231877e-02,
          9.40182479e-04, -1.83077808e-03, -1.02943531e-03,
          -1.46232462e-02, 2.49663144e-02, 2.52091233e-02,
          1.32846721e-02, 7.58607686e-03, 1.73976682e-02,
          -1.69966707e-03, 2.47507021e-02, -2.04809755e-02,
          -2.62249894e-02, 2.66792383e-02, -5.44828130e-03,
          6.04986493e-03, 3.11945821e-03, 3.56975244e-03,
          -4.75502666e-03, 1.44570721e-02, -3.39381658e-02,
          -4.89504486e-02, -2.03847699e-02, 3.08807865e-02,
          4.09299359e-02, 3.22634242e-02, 6.02664566e-03,
          -1.94041058e-03, -9.00126342e-03, -3.68100144e-02,
          -6.70271665e-02, -7.42565002e-03, 2.94257905e-02,
          3.59938033e-02, 3.71649750e-02, -7.08873337e-03,
          -1.28619364e-02, -2.38201674e-02, 1.04098776e-02,
          -8.81120749e-03, -6.20851433e-03, -3.72477509e-02,
          -3.87744047e-02, -1.88599490e-02, -2.60289442e-02,
          9.83204693e-03, 2.94123050e-02, -1.81276922e-03,
          2.14097630e-02, 2.70589478e-02, -3.20130819e-03,
          -3.39240357e-02, -2.59663779e-02, -1.05949203e-02,
          2.29640510e-02, 1.49633978e-02, -1.79522056e-02,
          -3.63027677e-03, -5.59482537e-03, -1.63476560e-02,
          -8.88192002e-03, 5.95611101e-03, -2.17228048e-02,
          -1.24703711e-02, -5.82871377e-04, -1.41430274e-02,
          3.47810499e-02, 3.25027406e-02, 4.70857462e-03,
          -1.25540998e-02, -6.48137927e-03, -1.12718334e-02,
          -2.40359572e-03, 7.18093070e-04, -2.82397047e-02,
          3.19262147e-02, 3.53592969e-02, 9.73917544e-03,
          -3.14354803e-03, -8.78628809e-03, 2.95259524e-03,
          1.20528014e-02, -2.84448918e-02, -1.98796038e-02,
          2.38444339e-02, 2.40811445e-02, -2.10471824e-03,
          -1.73277836e-02, -2.75333114e-02, -4.56227502e-03,
          2.41942815e-02, 1.57560722e-03, -1.27452007e-02,
          3.91538674e-03, 1.04402360e-02, -4.73992154e-03,
          -1.78846694e-03, -2.08065123e-03, -1.97352981e-03,
          -8.91054515e-03, -7.17620645e-03, -1.84947178e-02,
          1.90442968e-02, 7.76408101e-03, -1.60760470e-02,
          -7.59844109e-03, -7.03174761e-03, -5.91997337e-03,
          -2.19626222e-02, -3.22598666e-02, -3.75287794e-02,
          2.33100243e-02, 4.10729311e-02, 1.61292907e-02, 1.64820217e-02,
          -1.67568885e-02, 2.24073278e-03, 3.76416221e-02,
          -9.41393990e-03, -5.05289137e-02, 1.99484434e-02,
          4.84360568e-02, 2.73781121e-02, 3.71355069e-04,
          -2.59742942e-02, -5.19399205e-03, 9.84621234e-04,
          -3.99034917e-02, 5.76891005e-03, 3.94842699e-02,
          3.28924470e-02, 1.54534839e-02, 2.15617884e-02,
          -8.66907067e-04, 9.31380410e-03, 1.93356909e-02,
          -1.00916717e-02, -1.36536155e-02, 1.48886917e-02,
          1.55237066e-02, 1.16211865e-02, 3.49804834e-02,
          -2.88593601e-02, -1.26695251e-02, -2.44642328e-03,
          -2.60114372e-02, 1.52874980e-02, 3.59366722e-02,
          2.80046593e-02, 2.98555866e-02, 1.49169639e-02,
          -1.89390834e-02, -4.16418724e-03, -1.83707159e-02,
          -3.04082464e-02, 2.56604515e-02, 4.40158173e-02,
          2.64389273e-02, 3.38293277e-02, 2.82648951e-02,
          -2.26697722e-03, -1.18320426e-02, 2.00603083e-02,
          1.37056196e-02, 1.55460304e-02, 2.14239825e-02, 9.33777727e-03,
          3.27020101e-02, 5.36635034e-02, 7.87951890e-03, 2.43043201e-03,
          -1.72967892e-02, -4.36016545e-03, 1.71080362e-02,
          3.49666029e-02, 2.32381262e-02, 2.29416676e-02, 5.82951568e-02,
          5.26045496e-03, -2.97404244e-03, -2.06937250e-02,
          -5.35704847e-03, 1.60143900e-04, 1.37057034e-02,
          1.23579660e-02, 8.01967364e-03, 5.11500891e-03,
          -7.15830131e-04, -5.47833182e-02, -1.29912223e-03,
          4.21557575e-02, 4.15795529e-03, -1.20352553e-02,
          -6.65204786e-03, 1.50340497e-02, 1.69183109e-02,
          -1.09064607e-02, -1.20199481e-02, 1.44657828e-02,
          3.91918756e-02, 1.79364420e-02, 5.49758449e-02, 1.43213673e-02,
          -4.29926999e-03, 6.11717952e-03, -9.60250292e-03,
          -1.43116191e-02, 6.15707738e-03, 1.94950160e-02,
          -2.97854561e-03, 4.56948131e-02, 1.78804006e-02,
          2.87210010e-02, 2.30830647e-02, -6.91499189e-03,
          3.83485894e-05, 3.04078702e-02, 1.72884967e-02,
          -3.47112538e-03, -3.05443853e-02, -3.81792337e-02,
          -1.83303580e-02, 9.49273352e-03, 8.36664438e-03,
          1.44779189e-02, 1.66125018e-02, 6.71604425e-02,
          -1.51022999e-02, -8.43938161e-03, -3.15407589e-02,
          -2.49929428e-02, 1.09885698e-02, 2.31579840e-02,
          2.42982954e-02, 1.76068749e-02, 2.38366947e-02,
          -7.27605447e-02, -4.07275790e-03, 2.17285603e-02,
          1.42216869e-02, 3.25218812e-02, 6.77243527e-03, 3.13127823e-02,
          3.68619859e-02, 2.74455990e-03, -3.06945499e-02,
          2.03630477e-02, 1.31305531e-02, -1.09347031e-02,
          2.90016122e-02, 2.46687420e-02, 4.14322726e-02, 3.98428813e-02,
          1.72796547e-02, -5.52165369e-03, -7.62937916e-03,
          -4.71459851e-02, -2.50026081e-02, -1.01479255e-02,
          1.23959663e-03, 2.98274849e-02, 3.11066303e-02,
          -1.78056154e-02, -1.06592216e-02, 7.32169906e-03,
          -9.11568385e-03, -9.48124006e-03, -6.88098324e-03,
          1.02741793e-02, 3.26554589e-02, 4.33975235e-02, 1.34061594e-02,
          -9.68590472e-03, 6.25158381e-03, -2.86805183e-02,
          -4.10915315e-02, -2.44854428e-02, 7.55116995e-03,
          4.73178849e-02, 3.96358818e-02, 1.48811508e-02,
          -1.18225405e-03, 2.21987371e-03, -3.47426124e-02,
          -3.47668268e-02, -2.94424091e-02, 7.92493578e-03,
          5.76740690e-02, 7.17287213e-02, 3.31159979e-02, 4.16781269e-02,
          2.21304619e-03, 8.08504783e-03, 1.65199637e-02, 1.70158185e-02,
          -1.50883440e-02, -1.48865832e-02, -2.82742754e-02,
          4.58403910e-03, 5.24849631e-02, 1.31227691e-02, 1.54132984e-04,
          1.73935667e-02, 2.01685335e-02, 5.42147458e-03, 1.30686751e-02,
          -1.09387105e-02, 3.13113034e-02, 8.89403559e-03,
          7.84504414e-03, 9.95300803e-03, 1.38881886e-02,
          -1.57458521e-02, -4.60845279e-03, 1.11381011e-02,
          -2.61067338e-02, -2.63304878e-02, 1.97026622e-03,
          1.24158775e-02, 2.28303839e-02, 1.81227550e-02, 1.47507712e-02,
          2.20296695e-03, -1.23683717e-02, -2.99699642e-02,
          -2.01709233e-02, 2.42343619e-02, -1.25406096e-02,
          -1.87223090e-03, 5.46651846e-03, -1.45874172e-02,
          -2.98750727e-03, 8.14726576e-03, 6.62804535e-03,
          4.96455543e-02, 5.65599278e-03, -1.70160539e-03,
          -3.82402155e-04, -4.66694450e-03, -2.22797971e-02,
          -1.70668382e-02, -1.25436652e-02, -6.40433049e-03,
          2.73270794e-04, -3.35569978e-02, -5.43715572e-03,
          1.95167381e-02, 2.73552332e-02, 2.36546509e-02, 1.13899531e-02,
          -1.03666931e-02, -1.83605682e-02, -8.94995127e-03,
          -5.46078123e-02, -2.66052950e-02, -5.13852760e-03,
          2.08466081e-03, 6.41282322e-03, 3.16016609e-03, 4.03644610e-03,
          -2.37324312e-02, -2.16252487e-02, 1.90917857e-03,
          1.82191320e-02, 2.48675253e-02, -4.94754640e-03,
          -4.27895645e-03, -2.59329788e-02, -2.07883324e-02,
          1.34738479e-02, 9.61924810e-03, -1.32509656e-02,
          -6.33002957e-03, 4.18119691e-03, 2.62700878e-02,
          2.79050451e-02, 9.62730031e-03, -2.44029462e-02,
          6.83782296e-03, -7.33894471e-04, -3.68781947e-02,
          2.25459065e-04, 6.77515473e-03, -1.86077803e-02,
          8.99250060e-03, -2.00048392e-03, 1.75889730e-02,
          2.95568723e-02, -4.94474964e-03, -3.29267979e-02,
          1.62752923e-02, -7.47962203e-03, -1.24301631e-02,
          4.60452028e-02, 2.93929242e-02, 5.20067289e-03,
          -2.72930111e-03, -1.79981943e-02, -2.75467075e-02,
          -4.56374325e-02, -2.46030502e-02, 2.33509466e-02,
          5.35411984e-02, 2.67416611e-02, 7.20844604e-03, 4.46968898e-03,
          9.26471257e-04, -4.69091572e-02, -5.04657775e-02,
          -8.81268363e-03, 3.31931598e-02, 3.93508747e-02,
          3.38550135e-02, -1.45340003e-02, -4.90793074e-03,
          -2.25741547e-02, -5.45636453e-02, -2.27019452e-02,
          -1.32547449e-02, 4.63343039e-03, 6.23146407e-02,
          4.44319285e-02, 1.03819128e-02, 1.66471880e-02,
          -2.00889334e-02, -5.20790555e-02, -2.09391266e-02,
          1.56145287e-03, 1.23470556e-03, 4.09008935e-02, 3.23523656e-02,
          8.38661217e-04, 6.72732480e-03, -2.77369358e-02,
          -2.86288299e-02, -9.69962683e-03, -4.46564844e-03,
          -4.19344241e-03, -9.06871632e-04, 1.08918278e-02,
          -2.10980121e-02, -8.16144329e-03, 5.60951978e-03,
          -2.50554197e-02, 2.17615627e-02, 2.49983538e-02,
          8.65967944e-03, 1.40567624e-03, 2.05253288e-02,
          -1.96972815e-03, 1.21607287e-02, 5.92835853e-03,
          -5.45254461e-02, 9.22680739e-03, 2.05507372e-02,
          1.03248721e-02, 7.37192575e-04, 1.64327747e-03,
          -1.17558497e-03, 1.48637537e-02, 9.84033803e-04,
          -5.04680797e-02, -1.48305753e-02, 1.34396367e-02,
          2.17779912e-02, 1.31596085e-02, 4.31244029e-03, 5.20251039e-03,
          2.27299500e-02, 1.62995572e-03, -1.10445395e-02,
          -6.59524521e-04, 7.01410882e-03, 2.59443070e-03,
          9.03563853e-03, 8.27339943e-03, 4.03071614e-03, 1.10942259e-04,
          4.16932069e-03, -6.44607423e-03, 2.74631493e-02,
          7.13992538e-03, 3.74959433e-03, 8.48847069e-03,
          -2.09490274e-04, -1.73907436e-03, -1.38566140e-02,
          -2.28800066e-02, -1.27798785e-02, -1.05754184e-02,
          -5.63580357e-03, -4.12536459e-03, 7.34684803e-03,
          1.87573209e-02, 3.26049188e-03, 2.51082405e-02, 2.62496546e-02,
          -2.00072620e-02, 1.81952398e-02, -1.58761244e-03,
          5.36653679e-03, -5.11890464e-03, 5.08591160e-03,
          -8.09330842e-04, -7.32713845e-03, -2.35244110e-02,
          1.40687237e-02, 2.72318404e-02, 1.93773750e-02, 1.03134504e-02,
          1.29753789e-02, -1.23366648e-02, -6.12820731e-03,
          -2.44658883e-03, -4.52792179e-03, -2.67554680e-03,
          -4.00881190e-03, -2.71949987e-03, 2.58508418e-03,
          3.09701320e-02, -3.10022309e-02, -3.48277353e-02,
          -1.92788914e-02, -2.50898879e-02, 3.71899060e-03,
          4.10263985e-03, 6.41624397e-03, 8.48345459e-03, 1.20837167e-02,
          -1.37941632e-02, 2.93923356e-03, 8.53154622e-03,
          9.37144738e-03, 3.55357043e-02, -5.76781342e-04,
          -1.29834386e-02, 4.54883045e-03, 1.59417465e-02,
          -2.61007473e-02, -3.24689373e-02, -2.43191775e-02,
          4.71441867e-03, -4.08545748e-04, -1.95391802e-03,
          -6.88902568e-04, 1.80406310e-02, 5.05981743e-02,
          1.09308877e-03, -1.28972121e-02, -3.24957892e-02,
          -2.04298049e-02, -6.79432321e-03, 2.26411130e-02,
          1.18671479e-02, 1.74851585e-02, 4.61488366e-02,
          -5.62948361e-03, 9.28639318e-04, -3.11170779e-02,
          -2.04037745e-02, 4.77141626e-02, -1.55091658e-03,
          -1.38550913e-02, 8.47756211e-03, 2.73301583e-02,
          -1.31099056e-02, -8.84049572e-03, 1.13255242e-02,
          4.61359397e-02, 1.57066230e-02, 9.20805894e-03, 1.35135250e-02,
          1.51344081e-02, 1.98652912e-02, -2.65374072e-02,
          1.01163033e-02, 2.51487680e-02, -6.97327312e-03,
          2.08651181e-03, 4.37774584e-02, 7.40688574e-03,
          -8.07841867e-03, -2.43385718e-03, -1.84632484e-02,
          -9.37172119e-03, -1.69313140e-02, -9.50427447e-03,
          -1.38637014e-02, 5.04054651e-02, 1.95038654e-02,
          2.55952962e-02, 2.36841068e-02, -4.63013974e-04,
          1.74226740e-03, 7.26722693e-03, -1.80011091e-03,
          -8.90884269e-03, 3.83031787e-03, 2.31572259e-02,
          8.05348065e-03, 3.24740075e-04, -2.66236137e-03,
          7.18306610e-03, 1.05839800e-02, -9.67950560e-03,
          1.81123626e-03, 3.22369970e-02, 1.04203681e-02, 6.87505072e-03,
          1.37438541e-02, 1.10899117e-02, 1.29750976e-02, 1.85035057e-02,
          9.35110822e-03, -8.92281905e-02, -3.38515900e-02,
          1.78666525e-02, 9.46507417e-03, 1.85234863e-02, 3.16924904e-03,
          3.30684148e-02, 4.17223088e-02, -2.22399030e-02,
          -4.84833270e-02, -9.43531282e-03, 7.83523172e-03,
          -1.52771808e-02, 9.40001337e-04, 1.62781850e-02,
          3.50856371e-02, 4.16264161e-02, -6.12007733e-03,
          -4.92403433e-02, -1.57592855e-02, 2.18596067e-02,
          -7.67446915e-03, 2.42612977e-02, 1.54100368e-02,
          3.62746529e-02, 4.79766726e-02, 9.36738774e-03,
          -3.22493166e-02, -1.12744402e-02, 1.09533807e-02,
          7.29104737e-03, 1.30166737e-02, 1.50898304e-02, 4.51571345e-02,
          4.36938666e-02, 4.63350490e-03, -1.37268612e-02,
          -8.74834973e-03, -1.11455796e-02, -4.69807312e-02,
          -2.86048874e-02, 1.28185200e-02, 4.81895395e-02,
          3.14931795e-02, 1.98651738e-02, 4.77711577e-03,
          -1.06043769e-02, -2.06572171e-02, -3.23101021e-02,
          -2.83877403e-02, 1.10934051e-02, 5.48453145e-02,
          5.21818474e-02, 3.59837748e-02, -2.67551467e-02,
          -2.81154029e-02, -1.65140256e-02, -2.87859906e-02,
          -2.23826664e-03, 1.83467567e-02, 2.73510385e-02,
          1.91133432e-02, -1.47855747e-02, -1.91826317e-02,
          -3.74890976e-02, -6.42842567e-03, -1.65741239e-02,
          -2.48073461e-03, 2.19159219e-02, 4.29618284e-02,
          4.06583771e-02, -1.29247559e-02, 6.97174948e-03,
          1.44616328e-02, 2.34182719e-02, 4.18659532e-03,
          -1.94543824e-02, -1.10456283e-04, 1.40327187e-02,
          -1.93846840e-02, -2.48028059e-02, -6.72369869e-03,
          8.01401678e-03, 2.64001712e-02, 2.31204145e-02, 1.21485619e-02,
          7.23743206e-03, -3.39108310e-03, -2.20155157e-02,
          -2.65071765e-02, 2.75494088e-03, 6.47811498e-03,
          2.04330571e-02, 5.77200809e-03, 2.91056242e-02, 1.19109629e-02,
          6.71557104e-03, -1.84944253e-02, -3.11142113e-02,
          -8.94619804e-03, -6.08985499e-03, 1.99083816e-02,
          2.38129664e-02, 1.96728036e-02, 2.47528986e-03,
          -2.95576528e-02, -1.36495829e-02, -2.63708457e-02,
          -3.00296508e-02, 4.38249344e-03, 2.05641352e-02,
          3.62828635e-02, 3.01813632e-02, 1.88450981e-02,
          -1.25784995e-02, -1.07465945e-02, -1.09164547e-02,
          -4.37435806e-02, -1.09195784e-02, 3.61127593e-03,
          8.08080565e-03, 6.12547295e-03, 3.96115007e-03, 1.04916627e-02,
          -1.31720956e-02, -2.00396907e-02, -1.49633037e-02,
          8.38731136e-03, 1.33680729e-02, 2.26121023e-02, 4.47608978e-02,
          5.49641158e-03, -1.71250012e-02, -3.58791417e-03,
          -2.36094557e-02, -2.38994416e-02, -5.81233809e-03,
          4.95766895e-03, 1.12097058e-02, 3.08207553e-02,
          -1.11848321e-02, 7.00209709e-03, 1.52227450e-02,
          -4.35953774e-03, -3.28029506e-02, -1.52589602e-03,
          3.20743979e-03, -2.38428041e-02, 7.29685882e-03,
          1.71570934e-03, 2.35368032e-02, 1.98237225e-02,
          -1.85012966e-02, -2.01777015e-02, 9.30676144e-03,
          4.91783976e-05, -1.34051172e-02, 4.89934608e-02,
          3.38417478e-02, 1.07477847e-02, -1.38780905e-03,
          -3.04389130e-02, -2.95872614e-02, 6.46268111e-03,
          -4.99285571e-03, -5.34847844e-03, 2.72948444e-02,
          9.01137013e-03, 1.43177463e-02, 1.09025985e-02,
          -2.59732474e-02, -3.06697488e-02, 4.77415370e-03,
          -7.50686182e-03, 3.15923127e-03, 4.65883724e-02,
          3.41073908e-02, 3.52113089e-03, 8.55876319e-03,
          -2.58570295e-02, -5.28686941e-02, -2.25084815e-02,
          -1.33249350e-02, -2.00163457e-03, 6.23741262e-02,
          4.33727913e-02, 1.82825327e-03, 1.74301062e-02,
          -2.78348848e-02, -5.92677221e-02, -1.97630934e-02,
          -2.14207196e-03, -1.19533651e-02, 4.35862094e-02,
          1.90156978e-02, -4.66698868e-04, 7.22704036e-03,
          -4.38386649e-02, -5.18879555e-02, -2.13606860e-02,
          1.43452885e-03, 1.39029836e-02, 5.87303378e-02, 4.87948395e-02,
          3.82455811e-03, 1.02897268e-02, -2.90503763e-02,
          -3.89823951e-02, -4.86095622e-03, 4.62886179e-03,
          1.05609987e-02, 5.30929603e-02, 2.25337707e-02, 8.04832298e-03,
          -5.75020583e-03, -3.10488995e-02, -3.88118178e-02,
          -2.44998629e-03, 1.41753033e-02, 5.17626479e-03,
          -7.32319430e-03, -2.18659509e-02, -7.27055734e-03,
          -8.70391610e-04, -2.24299286e-03, -3.53092737e-02,
          -1.28218438e-02, 7.25768646e-03, 7.58316414e-03,
          -6.56676339e-03, -1.57414563e-02, -8.50893091e-03,
          2.24667713e-02, 1.08669456e-02, -1.35429092e-02,
          -3.97299416e-03, 1.00984331e-02, 1.15530761e-02,
          2.08695494e-02, -4.22408283e-02, -4.39045904e-03,
          1.06083499e-02, 1.45506272e-02, 3.83084011e-03, 2.76305769e-02,
          8.10544007e-03, 2.54334160e-03, 2.45594718e-02,
          -3.25726494e-02, -2.01432290e-03, 2.19971612e-02,
          4.29571122e-02, -3.21388920e-03, -1.09895477e-02,
          -1.80768371e-02, -9.00305342e-03, -9.95245017e-03,
          6.62978552e-03, 5.27564809e-03, 4.11422700e-02, 4.52333167e-02,
          -9.40017123e-03, 4.36995039e-03, -1.01319598e-02,
          -1.11734902e-03, -2.56983582e-02, -1.32017089e-02,
          -6.74056821e-03, 5.93353668e-03, 4.48914478e-03,
          -1.17948139e-03, -1.31376693e-03, -2.64583752e-02,
          -8.32403917e-03, -1.64659340e-02, -3.03659705e-03,
          1.91000625e-02, 5.55999540e-02, 3.13790515e-02,
          -4.27085586e-04, 6.09394535e-03, -2.06559878e-02,
          -1.31445313e-02, -1.54444277e-02, -1.14550674e-02,
          3.22658313e-03, 2.15511974e-02, 1.40617350e-02, 4.29797871e-03,
          7.88733654e-04, -2.97736074e-03, -2.09403806e-03,
          -1.11292852e-02, -2.78880037e-02, -1.72832888e-03,
          -6.51025400e-03, 1.31633272e-02, 4.68417220e-02,
          3.61428293e-03, -1.86940730e-02, -3.05865472e-03,
          -5.96527476e-03, -3.70999351e-02, -3.83281596e-02,
          -2.74711438e-02, 1.37673514e-02, -1.78381149e-02,
          -4.66769532e-04, -1.70871045e-03, 3.24213365e-03,
          1.94471702e-03, -1.11020505e-02, 1.03157433e-02,
          5.04442025e-03, 2.43836991e-03, 2.89673582e-02, 1.45769948e-02,
          5.75342029e-03, 2.59493198e-02, -1.24984980e-02,
          -1.42545858e-02, -7.07091764e-03, -1.85931139e-02,
          -4.42416422e-05, 3.17455828e-02, -3.66153871e-03,
          -2.77416222e-02, -3.79254925e-03, 6.60621561e-03,
          -3.32061462e-02, -1.74002908e-02, 2.46197334e-03,
          3.13655287e-02, -8.03900138e-03, -1.22424476e-02,
          5.43488364e-04, 1.31125376e-02, 1.24902800e-02,
          -1.73315797e-02, -3.60900885e-03, 1.05019994e-02,
          -6.56831544e-03, 1.27999242e-02, -7.57869845e-03,
          -8.17811675e-03, 1.20807439e-02, 2.94130277e-02,
          -2.06019916e-02, 1.85452495e-02, 1.39198797e-02,
          1.76260620e-02, -3.54267024e-02, -2.78091505e-02,
          -9.69851448e-04, 1.55611699e-02, 2.70244610e-02,
          2.02834923e-02, 1.98214352e-02, 3.08405515e-03,
          -5.67002688e-03, -4.07090522e-02, -1.73345171e-02,
          3.13744880e-02, 2.79417969e-02, 1.98743474e-02, 4.99927299e-03,
          -3.00055440e-03, -1.09958285e-02, -2.83867996e-02,
          -3.14420722e-02, 7.62304815e-04, 2.68838112e-03,
          1.58758555e-02, 3.62055264e-02, 1.59328599e-02, 6.86785765e-03,
          7.93207530e-03, -1.12963098e-05, -6.35228306e-02,
          -2.00443510e-02, 2.02984884e-02, 5.10815792e-02,
          3.56449075e-02, 1.21717099e-02, -1.17120240e-02,
          -8.49199854e-03, -2.65433025e-02, -3.79279368e-02,
          -1.95655245e-02, -5.81242330e-03, 2.60035563e-02,
          3.63789201e-02, 8.56417045e-03, 6.04751811e-04, 2.62276642e-02,
          7.07251311e-04, -4.94967774e-02, -4.42670994e-02,
          -5.19304955e-03, -8.79356824e-03, 3.03129405e-02,
          1.38895027e-02, 1.99727956e-02, 3.18108909e-02,
          -2.39130529e-03, -3.97734977e-02, -5.00204042e-02,
          -6.77106390e-03, 1.28799919e-02, 2.52473596e-02,
          1.36000747e-02, 2.34544314e-02, 2.64171194e-02,
          -1.78659316e-02, -3.59526388e-02, -5.37533201e-02,
          -2.90818140e-02, 3.18588875e-03, 3.02694994e-03,
          2.54115579e-03, 7.69674825e-03, 2.13535875e-02, 6.11450486e-02,
          -1.95739027e-02, -5.73812872e-02, -1.96446665e-02,
          1.81481875e-02, 4.46260627e-03, 1.71933509e-02, 5.83256246e-04,
          -3.37354606e-03, 4.24743593e-02, -2.67832950e-02,
          -3.25517803e-02, -2.40163952e-02, -2.28163991e-02,
          2.24600900e-02, 1.19770197e-02, 2.12073307e-02, 6.27016136e-03,
          -2.31101960e-02, -1.21361986e-02, -4.26601171e-02,
          -2.27757208e-02, -1.62702370e-02, 1.46784866e-02,
          1.91247556e-02, 3.48385908e-02, 2.20648423e-02,
          -1.02981832e-02, -1.32081537e-02, -3.58025767e-02,
          -1.90348867e-02, -1.49430865e-02, 2.10507866e-02,
          2.02953126e-02, 2.23570201e-03, -1.40232015e-02,
          -1.55787170e-02, 5.13770909e-04, -4.38914187e-02,
          -2.64732987e-02, -1.51518472e-02, 2.20238138e-02,
          1.71204247e-02, 6.62361365e-03, -2.94576492e-03,
          -2.32270570e-03 ]
   decision_functions:
      -
         sv_count: 1
         rho: 2.3776150074663899e-01
         alpha: [ 1. ]
         index: [ 0 ]
